Date,Open,High,Low,Close,Volume,Dividends,Stock Splits
2006-03-10,7.281388480323747,7.407412369271438,6.2545260023293725,7.3233962059021,226092650,0.0,0.0
2006-03-13,7.281390138435877,7.654794760919769,7.157046330776313,7.664129734039307,40431560,0.0,0.0
2006-03-14,7.729476620107651,7.748146567916282,7.561444240978541,7.7201409339904785,7214220,0.0,0.0
2006-03-15,7.692135453696042,7.748146005267463,7.692135453696042,7.724808216094971,31628170,0.0,0.0
2006-03-16,7.692134455789749,7.748145000094881,7.281389277197599,7.318729877471924,20450720,0.0,0.0
2006-03-17,7.281390707577819,7.36820731757976,6.963996611215189,7.12269401550293,14894880,0.0,0.0
2006-03-20,7.0386770861329415,7.20204160405679,7.0386770861329415,7.150698184967041,4176470,0.0,0.0
2006-03-21,7.150696613996351,7.281388342065695,7.094686076884523,7.132026672363281,0,0.0,0.0
2006-03-22,7.244050236294535,7.244050236294535,7.0946885152579915,7.141364097595215,6698110,0.0,0.0
2006-03-23,7.150698971102094,7.220712343623745,7.094688415527344,7.094688415527344,881370,0.0,0.0
2006-03-24,7.1506990373975485,7.220712410568307,7.094688481303514,7.169369697570801,5108620,0.0,0.0
2006-03-27,7.10402345528371,7.239383070741559,7.10402345528371,7.169369697570801,615640,0.0,0.0
2006-03-28,7.244050201625226,7.244050201625226,7.094688481303514,7.169369697570801,1748560,0.0,0.0
2006-03-29,7.244050236294535,7.244050236294535,7.0946885152579915,7.141364097595215,499550,0.0,0.0
2006-03-30,7.188039679932439,7.220712445125923,7.0946885152579915,7.141364097595215,1408490,0.0,0.0
2006-03-31,7.094687515008644,7.1880386665219165,7.094687515008644,7.118025302886963,1530620,0.0,0.0
2006-04-03,7.094687324677427,7.183370631350797,7.0386767777146275,7.076017379760742,6898410,0.0,0.0
2006-04-04,7.001336057843446,7.067428687322594,6.75862321694742,6.819301605224609,9241720,0.0,0.0
2006-04-05,6.819301550864114,6.907984855338092,6.795963764190674,6.795963764190674,2188320,0.0,0.0
2006-04-06,6.721282482147217,6.903316931153617,6.721282482147217,6.721282482147217,8892100,0.0,0.0
2006-04-07,6.721282482147217,6.903316931153617,6.666578847579028,6.721282482147217,11296370,0.0,0.0
2006-04-10,6.721283095141935,6.851974853323363,6.665272545124976,6.73995304107666,2239750,0.0,0.0
2006-04-11,6.721282185983415,6.827702430284471,6.685248497234987,6.777292728424072,3996510,0.0,0.0
2006-04-12,6.8613106099570675,6.870645583990626,6.665273306400867,6.697946071624756,10564410,0.0,0.0
2006-04-13,6.716615252551862,6.809966406651055,6.665272545124976,6.73995304107666,76900,0.0,0.0
2006-04-18,6.666578485522869,6.809965415724858,6.666578485522869,6.76795768737793,3775620,0.0,0.0
2006-04-19,6.721283929967572,6.809967252491718,6.702613981713923,6.707281112670898,1505310,0.0,0.0
2006-04-20,6.721284225821098,6.767959810722632,6.665273666381836,6.665273666381836,419200,0.0,0.0
2006-04-21,6.721283958672343,6.721283958672343,6.534581626486999,6.562587261199951,3961590,0.0,0.0
2006-04-24,6.627932863350204,6.676475156863044,6.497241086982412,6.506576061248779,6172130,0.0,0.0
2006-04-25,6.4972406461954115,6.641001519225642,6.495373936353933,6.609262466430664,3817430,0.0,0.0
2006-04-26,6.5719224661799265,6.71194922023683,6.5719224661799265,6.627933025360107,1179390,0.0,0.0
2006-04-27,6.627932207093923,6.721283364940316,6.57192165482865,6.646602153778076,683910,0.0,0.0
2006-04-28,6.665273666381836,6.721284225821098,6.627933056018026,6.665273666381836,246000,0.0,0.0
2006-05-02,6.665273635551196,6.7212841947313775,6.627933025360108,6.627933025360107,459070,0.0,0.0
2006-05-03,6.610194678310794,6.6447348600752845,6.571921077307806,6.599925994873047,14393120,0.0,0.0
2006-05-04,6.6092622604097695,6.664339101676991,6.572855365826701,6.646602153778076,5676120,0.0,0.0
2006-05-05,6.683943271636963,6.683943271636963,6.571922158520777,6.683943271636963,2344360,0.0,0.0
2006-05-08,6.571920762250612,6.6269975960374685,6.534580161740978,6.525245189666748,4697470,0.0,0.0
2006-05-09,6.5345815500777595,6.720350169010366,6.5345815500777595,6.683943271636963,550500,0.0,0.0
2006-05-10,6.721282890621543,6.739952835988165,6.628865450295071,6.711947917938232,4333890,0.0,0.0
2006-05-11,6.7632912415443025,7.040544300060059,6.762358242739688,6.992002010345459,23661810,0.0,0.0
2006-05-12,6.9453249530753505,7.00077569542584,6.712880814074527,6.730617046356201,8921080,0.0,0.0
2006-05-15,6.721282481517626,6.721282481517626,6.441229044787725,6.497239589691162,11058540,0.0,0.0
2006-05-16,6.4412291238800155,6.609261472866325,6.4412291238800155,6.571920871734619,1602750,0.0,0.0
2006-05-17,6.62793162465104,6.7308043465564085,6.5868568909000516,6.599925994873047,1425160,0.0,0.0
2006-05-18,6.623263629688584,6.627931471948289,6.5672530836357925,6.595258712768555,1812150,0.0,0.0
2006-05-19,6.590592254071852,6.604408471802321,6.512177615578906,6.506576061248779,3433840,0.0,0.0
2006-05-22,6.627932876522891,6.627932876522891,6.32360787178688,6.375885009765625,699100,0.0,0.0
2006-05-23,6.441230541972951,6.4920134573187696,6.34787937469798,6.375885009765625,1195390,0.0,0.0
2006-05-24,6.3665493232678205,6.441230541972951,6.25639491739484,6.375885009765625,1406550,0.0,0.0
2006-05-25,6.3478781552301555,6.441229304571776,6.3478781552301555,6.403888702392578,287800,0.0,0.0
2006-05-26,6.44122838973999,6.478568986615795,6.44122838973999,6.44122838973999,2409700,0.0,0.0
2006-05-30,6.40388899031081,6.478570198026865,6.347878440630158,6.361881256103516,672080,0.0,0.0
2006-05-31,6.403888702392578,6.403888702392578,6.385218757409354,6.403888702392578,1047710,0.0,0.0
2006-06-01,6.40388866332223,6.441229265273612,6.347878116501531,6.36654806137085,2850980,0.0,0.0
2006-06-02,6.385218185649304,6.4132231006164595,6.385218185649304,6.422558784484863,990190,0.0,0.0
2006-06-05,6.4225593595885515,6.4225593595885515,6.403888702392578,6.403888702392578,160170,0.0,0.0
2006-06-06,6.403888128960741,6.4412287277963,6.380177144268425,6.422558784484863,201220,0.0,0.0
2006-06-07,6.385218757409354,6.418825228149356,6.355346418108545,6.403888702392578,141220,0.0,0.0
2006-06-08,6.291866974365902,6.366547458989909,6.291866974365902,6.333874702453613,4129770,0.0,0.0
2006-06-09,6.4225605934031105,6.4225605934031105,6.4225605934031105,6.375885009765625,40410,0.0,0.0
2006-06-12,6.347877253656802,6.44122838973999,6.342836212540494,6.44122838973999,14598700,0.0,0.0
2006-06-13,6.403887630031577,6.567252114023264,6.380176647186593,6.529911518096924,15137530,0.0,0.0
2006-06-14,6.623262820217149,6.623262820217149,6.44122838973999,6.44122838973999,2605450,0.0,0.0
2006-06-15,6.534581777570808,6.623265102524112,6.385220050811768,6.385220050811768,3272520,0.0,0.0
2006-06-16,6.534581004754625,6.534581004754625,6.21718692779541,6.21718692779541,7176210,0.0,0.0
2006-06-19,6.436561462219595,6.436561462219595,6.3478781552301555,6.403888702392578,1903690,0.0,0.0
2006-06-20,6.431893935803802,6.497239451431825,6.431893935803802,6.478569507598877,7744740,0.0,0.0
2006-06-21,6.385217850532607,6.44122838973999,6.347877253656802,6.44122838973999,211410,0.0,0.0
2006-06-22,6.497239851734198,6.497239851734198,6.3478781552301555,6.403888702392578,166670,0.0,0.0
2006-06-23,6.529912611561215,6.529912611561215,6.366548100213381,6.403888702392578,3799540,0.0,0.0
2006-06-26,6.347876655642479,6.510494017401539,6.347876655642479,6.408555030822754,902760,0.0,0.0
2006-06-27,6.469234919284513,6.469234919284513,6.403888687568992,6.417891502380371,523170,0.0,0.0
2006-06-28,6.38521843204426,6.53458012093743,6.38521843204426,6.4879045486450195,1821310,0.0,0.0
2006-06-29,6.534579525823179,6.534579525823179,6.403887792864186,6.44122838973999,1428440,0.0,0.0
2006-06-30,6.534580475008067,6.6092616796075445,6.463633401859838,6.599925994873047,5997310,0.0,0.0
2006-07-03,6.627931336561839,6.814633627732595,6.534580190976461,6.721282482147217,1373700,0.0,0.0
2006-07-04,6.814633160465339,7.0013354388342535,6.767957590873111,6.945324897766113,1108830,0.0,0.0
2006-07-05,6.90798592351118,7.090020402826677,6.90798592351118,6.973331451416016,3675970,0.0,0.0
2006-07-06,7.150700301998977,7.370075434287943,7.066124297484818,7.2813920974731445,14360630,0.0,0.0
2006-07-07,7.374741094848017,7.374741094848017,7.150698184967041,7.150698184967041,12238880,0.0,0.0
2006-07-10,7.132029157972298,7.281390879729299,7.113358497619629,7.113358497619629,209760,0.0,0.0
2006-07-11,7.132028989352126,7.244050099968182,7.09468838174249,7.12269401550293,1454060,0.0,0.0
2006-07-12,7.188038141105476,7.188038141105476,6.716614575537499,6.8566412925720215,1803590,0.0,0.0
2006-07-13,6.730616257244112,6.907983544754655,6.721281286788313,6.814632415771484,3485000,0.0,0.0
2006-07-14,6.721282615529708,6.898649938104289,6.721282615529708,6.819301605224609,4547840,0.0,0.0
2006-07-17,6.739953776472762,6.823969966771597,6.72128382850096,6.725951671600342,615450,0.0,0.0
2006-07-18,6.721282564048712,6.823968683001355,6.506574641700953,6.571920871734619,0,0.0,0.0
2006-07-19,5.26967350350644,6.945327039909633,5.008290304392948,5.241668224334717,41833680,0.0,0.0
2006-07-20,5.180988038396011,5.339685040523099,5.040961334655578,5.176320552825928,13565570,0.0,0.0
2006-07-21,5.101640558911446,5.265005073619965,5.101640558911446,5.227664470672607,2888540,0.0,0.0
2006-07-24,5.227663262697468,5.498381681243964,5.192189733705114,5.335017204284668,2791530,0.0,0.0
2006-07-25,5.283674283385296,5.3564884133846995,5.227663742868524,5.321014881134033,286230,0.0,0.0
2006-07-26,5.33501842432973,5.596401576018062,5.269672547381052,5.451707363128662,8783650,0.0,0.0
2006-07-27,5.507718774529525,5.507718774529525,5.358357051900112,5.405032634735107,4416240,0.0,0.0
2006-07-28,5.3443535764404295,5.493342081176271,5.3443535764404295,5.395696640014648,3756160,0.0,0.0
2006-07-31,5.451707803875091,5.451707803875091,5.265005486702744,5.316348552703857,6417770,0.0,0.0
2006-08-01,5.302345320460939,5.381694012697478,5.227664470672607,5.227664470672607,6919380,0.0,0.0
2006-08-02,5.3816940749301345,5.395696534117528,5.265005134503257,5.349020957946777,5840720,0.0,0.0
2006-08-03,5.377025207492368,5.377025207492368,5.011088930997276,5.040961265563965,8421250,0.0,0.0
2006-08-04,5.045629902096882,5.246335029602051,5.045629902096882,5.246335029602051,1022310,0.0,0.0
2006-08-07,5.143647781813215,5.283674494814733,5.143647781813215,5.190323352813721,2077660,0.0,0.0
2006-08-08,5.134313319410596,5.286848995165234,5.0783027710959425,5.227664470672607,5053360,0.0,0.0
2006-08-09,5.2650044947124375,5.2650044947124375,5.078302212717051,5.166985511779785,2100860,0.0,0.0
2006-08-10,5.096972931126751,5.232332177378717,5.096972931126751,5.208994388580322,870220,0.0,0.0
2006-08-11,5.283674430245779,5.2930097579956055,5.13898023313371,5.2930097579956055,2483490,0.0,0.0
2006-08-14,5.293010386054186,5.297677872429763,5.134313356539859,5.265005111694336,2244460,0.0,0.0
2006-08-15,5.190324039436282,5.316348311473075,5.152983791359983,5.283675193786621,1633350,0.0,0.0
2006-08-16,5.1343123527891175,5.321014620163267,5.1343123527891175,5.30234432220459,245040,0.0,0.0
2006-08-17,5.162318593567924,5.294877413535297,5.152983620884275,5.227664470672607,4239220,0.0,0.0
2006-08-18,5.3023459575141745,5.3023459575141745,5.152984239992365,5.297678470611572,1394950,0.0,0.0
2006-08-21,5.138980374671914,5.222996546202626,5.134312888721619,5.15298318862915,915850,0.0,0.0
2006-08-22,5.190324122432367,5.265005331991945,5.1016408092665655,5.246335029602051,486870,0.0,0.0
2006-08-23,5.1389808057524204,5.265005073619965,5.134313319410596,5.227664470672607,1915610,0.0,0.0
2006-08-24,5.227664508476947,5.265005111694336,5.227664508476947,5.265005111694336,6425740,0.0,0.0
2006-08-25,5.232331228560533,5.321014881134033,5.227663742868524,5.321014881134033,1559960,0.0,0.0
2006-08-29,5.3210157878970215,5.462909584973709,5.263324771768866,5.395696640014648,565820,0.0,0.0
2006-08-30,5.470376061385418,5.563727191143575,5.456373605585475,5.507716655731201,2718550,0.0,0.0
2006-08-31,5.512386657600471,5.787772687331911,5.470378558809834,5.675751209259033,3699880,0.0,0.0
2006-09-01,5.694420076185657,5.825111826934106,5.657079474227136,5.787771224975586,15409800,0.0,0.0
2006-09-04,5.713089877062714,6.08649408342967,5.713089877062714,5.974472999572754,8026940,0.0,0.0
2006-09-05,5.969805513763106,6.066890429365344,5.969805513763106,5.974472999572754,1681540,0.0,0.0
2006-09-06,5.937133552719696,6.0678253173828125,5.937133552719696,6.0678253173828125,4911330,0.0,0.0
2006-09-07,5.99314298501174,6.086494126287391,5.93993321907947,6.011813640594482,3307360,0.0,0.0
2006-09-08,5.974474061489943,6.235857586565251,5.974474061489943,6.21718692779541,1321650,0.0,0.0
2006-09-11,6.07715949909891,6.216252508064857,6.067824526884709,6.137837886810303,2354600,0.0,0.0
2006-09-12,6.067824580452659,6.188247646053325,6.067824580452659,6.161175727844238,7962790,0.0,0.0
2006-09-13,6.193849712306143,6.287200878165205,6.1565091035199435,6.2638630867004395,699230,0.0,0.0
2006-09-14,6.291867220418578,6.478569507598877,6.291867220418578,6.478569507598877,10129290,0.0,0.0
2006-09-15,6.380552128120613,6.60926291481747,6.348813073172388,6.506576061248779,5025740,0.0,0.0
2006-09-18,6.478569645460923,6.571920791037557,6.478569645460923,6.497239589691162,365610,0.0,0.0
2006-09-19,6.609261432520413,6.609261432520413,6.402581573307647,6.534580230712891,1437030,0.0,0.0
2006-09-20,6.445896886951645,6.571920791037557,6.441229044787725,6.497239589691162,5091860,0.0,0.0
2006-09-21,6.534581252940495,6.613929597140777,6.35347977316518,6.609262466430664,5088480,0.0,0.0
2006-09-22,6.459898332071569,6.4972389289473735,6.44122838973999,6.44122838973999,28253970,0.0,0.0
2006-09-25,6.529912026844653,6.529912026844653,6.422558784484862,6.422558784484863,278520,0.0,0.0
2006-09-26,6.5205773760853205,6.5205773760853205,6.408556286278447,6.497239589691162,819940,0.0,0.0
2006-09-27,6.4972408357572204,6.534581443591744,6.441230280111862,6.455233097076416,171050,0.0,0.0
2006-09-28,6.534579359667452,6.534579359667452,6.441228225957917,6.529911518096924,42010,0.0,0.0
2006-09-29,6.534580037226617,6.534580037226617,6.403888294039545,6.49257230758667,359350,0.0,0.0
2006-10-02,6.403889672277338,6.534581443591744,6.403889672277338,6.455233097076416,2176560,0.0,0.0
2006-10-03,6.534579525823179,6.534579525823179,6.44122838973999,6.44122838973999,1153010,0.0,0.0
2006-10-04,6.51590924349249,6.590589721134637,6.403887458710355,6.459897994995117,3571550,0.0,0.0
2006-10-05,6.557918838709128,6.721283364940316,6.4608335490833415,6.646602153778076,9308760,0.0,0.0
2006-10-06,6.71194922023683,6.71194922023683,6.534581855988839,6.627933025360107,33170990,0.0,0.0
2006-10-09,6.534580161740978,6.534580161740978,6.478569617082885,6.525245189666748,605670,0.0,0.0
2006-10-10,6.534579184849874,6.534579184849874,6.459897994995117,6.459897994995117,2519900,0.0,0.0
2006-10-11,6.534579868778855,6.534579868778855,6.422558784484862,6.422558784484863,145910,0.0,0.0
2006-10-12,6.497239589691162,6.497239589691162,6.4225591005574865,6.497239589691162,328240,0.0,0.0
2006-10-13,6.497239589691162,6.497239589691162,6.403888444114528,6.497239589691162,395570,0.0,0.0
2006-10-16,6.403887458710355,6.525244214171182,6.403887458710355,6.459897994995117,378370,0.0,0.0
2006-10-17,6.497239851734198,6.497239851734198,6.403888702392578,6.403888702392578,67330,0.0,0.0
2006-10-18,6.4972389289473735,6.4972389289473735,6.409489345333777,6.44122838973999,2566570,0.0,0.0
2006-10-19,6.534579525823179,6.534579525823179,6.422558447408411,6.44122838973999,257810,0.0,0.0
2006-10-20,6.49724234528205,6.515913009643555,6.427228956405707,6.515913009643555,1516200,0.0,0.0
2006-10-23,6.4225591005574865,6.497239589691162,6.4225591005574865,6.497239589691162,828730,0.0,0.0
2006-10-24,6.534580051310425,6.534580051310425,6.422558963887328,6.478569507598877,607700,0.0,0.0
2006-10-25,6.52991168413396,6.52991168413396,6.347877253656802,6.44122838973999,498250,0.0,0.0
2006-10-26,6.478568986615795,6.478568986615795,6.254526117573614,6.44122838973999,1403280,0.0,0.0
2006-10-27,6.436560212192083,6.46923367788642,6.347876922425592,6.459897994995117,798310,0.0,0.0
2006-10-30,6.361880685623224,6.534580161740978,6.361880685623224,6.525245189666748,664660,0.0,0.0
2006-10-31,6.534580230712891,6.55325017505841,6.48790465763637,6.534580230712891,37703140,0.0,0.0
2006-11-01,6.534580230712891,6.534580230712891,6.5019074720018715,6.534580230712891,623760,0.0,0.0
2006-11-02,6.450563024316425,6.534579184849874,6.450563024316425,6.459897994995117,233190,0.0,0.0
2006-11-03,6.529912388520149,6.534580230712891,6.478569685463611,6.534580230712891,411330,0.0,0.0
2006-11-06,6.534580230712891,6.534580230712891,6.478569685463611,6.534580230712891,1325920,0.0,0.0
2006-11-07,6.534580230712891,6.534580230712891,6.478569685463611,6.534580230712891,864350,0.0,0.0
2006-11-08,6.478569685463611,6.534580230712891,6.478569685463611,6.534580230712891,161060,0.0,0.0
2006-11-09,6.534580204768784,6.534580204768784,6.478569659741882,6.483236789703369,399080,0.0,0.0
2006-11-10,6.483236815443629,6.557918017251151,6.459899028905368,6.534580230712891,1263160,0.0,0.0
2006-11-13,6.534579525823179,6.571920122698983,6.44122838973999,6.44122838973999,845900,0.0,0.0
2006-11-14,6.515910037837583,6.515910037837583,6.385218295765623,6.389885425567627,911760,0.0,0.0
2006-11-15,6.483236032865457,6.497238845540706,6.395486450378322,6.445896148681641,74790,0.0,0.0
2006-11-16,6.497239451431825,6.497239451431825,6.389885493860612,6.478569507598877,577400,0.0,0.0
2006-11-17,6.394554581149032,6.473716326444885,6.357213973999023,6.357213973999023,257000,0.0,0.0
2006-11-20,6.403888550316686,6.422559207069279,6.34787800448437,6.399221420288086,876450,0.0,0.0
2006-11-21,6.389885511044603,6.390819221902572,6.049154405794412,6.081827163696289,1181260,0.0,0.0
2006-11-22,6.105164738880944,6.1331696537388325,5.974472999572754,5.974472999572754,952020,0.0,0.0
2006-11-23,6.0164812546258135,6.067824671345372,5.694420076185657,5.787771224975586,1829140,0.0,0.0
2006-11-24,5.815776824951172,5.881122703994613,5.601069241899632,5.815776824951172,1027490,0.0,0.0
2006-11-27,5.7597666467559305,5.825112530017315,5.671082973480225,5.671082973480225,374330,0.0,0.0
2006-11-28,5.689753226394684,6.347878827757036,5.619739856970893,6.039819717407227,5915310,0.0,0.0
2006-11-29,6.137838055003773,6.5345804387872874,6.045420616789065,6.417891502380371,3661810,0.0,0.0
2006-11-30,6.534581506574476,7.1833718141277965,6.403889734000414,6.907986164093018,5904230,0.0,0.0
2006-12-01,6.945326586120005,6.945326586120005,6.697945864702366,6.865978240966797,2656010,0.0,0.0
2006-12-04,6.758623245948105,6.85197439378658,6.702612699687568,6.791296005249023,492070,0.0,0.0
2006-12-05,6.814635829013722,6.875314235687256,6.693279015666654,6.875314235687256,497830,0.0,0.0
2006-12-06,6.870644432242101,6.8893150893922614,6.759930248581997,6.8519744873046875,2478500,0.0,0.0
2006-12-07,6.8379717225915515,7.244049081763653,6.819301777517357,7.02000617980957,2468770,0.0,0.0
2006-12-08,7.020006879489228,7.131094986727191,6.917320746920997,6.968664169311523,151970,0.0,0.0
2006-12-11,7.043343915657793,7.062014572807954,6.763290468320104,6.8519744873046875,901770,0.0,0.0
2006-12-12,6.75862239486536,6.805297962906954,6.35254509534602,6.44122838973999,2052530,0.0,0.0
2006-12-13,6.347878733554743,6.665272812675043,6.198517023443077,6.646602153778076,14386060,0.0,0.0
2006-12-14,6.683942287675538,6.711947917938233,6.557918375918937,6.711947917938232,6686340,0.0,0.0
2006-12-15,6.68860851693053,6.739951210412025,6.637265111236443,6.655935764312744,1882300,0.0,0.0
2006-12-18,6.57192216722389,7.113358497619629,6.534581558731422,7.113358497619629,13709080,0.0,0.0
2006-12-19,6.982665673155623,7.1880378996902685,6.907984475027011,7.160032272338867,10022070,0.0,0.0
2006-12-20,7.225380007942857,7.468092884238025,5.5077185021255435,7.430752277374268,4191580,0.0,0.0
2006-12-21,7.468091566356511,7.468091566356511,7.318729877471924,7.318729877471924,8609400,0.0,0.0
2006-12-27,7.463424938667707,7.485829729805567,7.374741621772035,7.3840765953063965,2631070,0.0,0.0
2006-12-28,7.318731068353041,7.43075217519103,7.318731068353041,7.3840765953063965,502040,0.0,0.0
2007-01-02,7.300061256229266,7.430753037515328,7.2767234635786435,7.337401866912842,2211840,0.0,0.0
2007-01-03,7.328065409452369,7.4027466157076915,7.076017584713,7.10402250289917,1384830,0.0,0.0
2007-01-04,7.132029239124281,7.137816680961097,6.856642871545103,6.926656246185303,1703360,0.0,0.0
2007-01-05,6.949994574810263,7.505434483873251,6.949994574810263,7.4680938720703125,14352530,0.0,0.0
2007-01-08,7.40274543965766,7.492362445599225,7.2813886768255065,7.2860565185546875,6643740,0.0,0.0
2007-01-09,7.41208219799215,8.53229611066967,7.363726508243233,8.065540313720703,0,0.0,0.0
2007-01-10,8.214901799740998,8.887029843925594,8.214901799740998,8.588306427001953,17752660,0.0,0.0
2007-01-11,8.415606616997641,8.853236442159126,8.326922593986918,8.658319473266602,8185810,0.0,0.0
2007-01-12,8.644317715534319,8.887030601501465,8.537897444670165,8.887030601501465,4982980,0.0,0.0
2007-01-15,8.8683614362699,8.924371997635335,8.775010263256533,8.896367073059082,4914460,0.0,0.0
2007-01-16,8.737667299986775,8.92436959576518,8.690618526567885,8.831018447875977,8946330,0.0,0.0
2007-01-17,8.901031670010614,8.924369456619038,8.726091570314546,8.812348365783691,2344690,0.0,0.0
2007-01-18,8.98038101196289,8.98038101196289,8.737668146382532,8.98038101196289,5525090,0.0,0.0
2007-01-19,8.81234707400199,9.173428902219868,8.79442353116465,9.003716468811035,3994540,0.0,0.0
2007-01-22,8.999050497776127,9.111071586608887,8.938931910429115,9.111071586608887,2158350,0.0,0.0
2007-01-23,9.111073401708333,9.111073401708333,8.847823149515438,8.86836051940918,4721590,0.0,0.0
2007-01-24,8.9150344034036,9.020147742053421,8.812348285702228,8.961709976196289,3217630,0.0,0.0
2007-01-25,9.017723170648702,9.045728807437884,8.8683614362699,8.896367073059082,1926770,0.0,0.0
2007-01-26,8.831018093800777,9.059728824286923,8.830084382939756,8.943039894104004,7302850,0.0,0.0
2007-01-29,9.055061340332031,9.055061340332031,8.877694016996383,9.055061340332031,1164880,0.0,0.0
2007-01-30,9.05039327961731,9.075598487764486,8.924369375519595,8.961709976196289,3210510,0.0,0.0
2007-01-31,8.86836051940918,8.999052290558835,8.849690571621881,8.86836051940918,4225810,0.0,0.0
2007-02-01,8.999051963097948,9.008386936651911,8.718998483202032,8.74233627319336,9717410,0.0,0.0
2007-02-02,8.775010557663919,8.775010557663919,8.704997175554897,8.737669944763184,2984920,0.0,0.0
2007-02-05,8.859024486992793,9.296654306798397,8.708729074960704,9.241764068603516,7733630,0.0,0.0
2007-02-06,9.27910489313434,9.895222369953007,9.21936021127391,9.531152725219727,6773170,0.0,0.0
2007-02-07,9.675848324030882,9.801872253417969,9.571481363367777,9.801872253417969,4708270,0.0,0.0
2007-02-08,9.820542201396478,10.006124931413105,9.708521089099703,9.801872253417969,4724510,0.0,0.0
2007-02-09,9.89522393032669,9.89522393032669,9.736527227650008,9.839213371276855,2734970,0.0,0.0
2007-02-12,9.895222569204705,9.895222569204705,9.638506889343262,9.638506889343262,2656870,0.0,0.0
2007-02-13,9.78320100608409,9.988573255422626,9.677713748598501,9.899889945983887,2487980,0.0,0.0
2007-02-14,9.94189888081559,9.94189888081559,9.652510417337707,9.76919937133789,2330500,0.0,0.0
2007-02-15,9.801871741779856,9.890555058367973,9.724390108508995,9.764531135559082,1388040,0.0,0.0
2007-02-16,9.857879226956607,9.876549880362576,9.521815299987793,9.521815299987793,4661840,0.0,0.0
2007-02-19,9.652509159218123,9.708519707395158,9.545155193088029,9.629171371459961,2044820,0.0,0.0
2007-02-20,9.521815973189808,9.671177649934569,9.521815973189808,9.563823699951172,616070,0.0,0.0
2007-02-21,9.671178455198115,9.671178455198115,8.989715525742183,9.111071586608887,5722530,0.0,0.0
2007-02-22,9.199756773913533,9.274437271915357,8.98038098598787,9.204423904418945,1785100,0.0,0.0
2007-02-23,9.274437174777324,9.274437174777324,8.868359789993848,8.947708129882812,2460160,0.0,0.0
2007-02-26,8.961710197363407,9.10267063009567,8.804133129259725,8.831018447875977,1462990,0.0,0.0
2007-02-27,8.868361599803956,8.961712774538734,8.681659250334398,8.718999862670898,3593570,0.0,0.0
2007-02-28,8.653651095846367,8.882361834746739,8.401603282263554,8.859024047851562,6760090,0.0,0.0
2007-03-01,8.887027341936445,9.055059661782398,8.690990110257903,8.803011894226074,4575920,0.0,0.0
2007-03-02,8.887028589191486,9.209090462060749,8.856783052259429,9.064395904541016,8209300,0.0,0.0
2007-03-05,8.961710503760804,9.055061654841646,8.648984290082536,8.775008201599121,8358670,0.0,0.0
2007-03-06,8.77500985863308,8.961712196050804,8.686326533244818,8.905701637268066,11005540,0.0,0.0
2007-03-07,8.985047588792542,9.050393104553223,8.779675357362365,9.050393104553223,4640070,0.0,0.0
2007-03-08,9.050394860564268,9.12507607496317,8.896739212742672,9.045727729797363,32152330,0.0,0.0
2007-03-09,9.13441084173298,9.14841365814209,9.01772189201178,9.14841365814209,54957950,0.0,0.0
2007-03-12,9.148412267973175,9.241763413564739,8.961709976790049,9.185752868652344,1527950,0.0,0.0
2007-03-13,9.055062005567072,9.236163473586505,9.055062005567072,9.09706974029541,890840,0.0,0.0
2007-03-14,9.017721472168049,9.06906489254008,8.714330217018105,8.765673637390137,5739440,0.0,0.0
2007-03-15,8.868357542330626,8.957040832868886,8.686323119767833,8.82168197631836,5147250,0.0,0.0
2007-03-16,8.887029298011026,8.91970277065953,8.588305899437437,8.775008201599121,2895850,0.0,0.0
2007-03-19,8.775007496464456,8.868358640043866,8.598760491804919,8.840353012084961,2638530,0.0,0.0
2007-03-20,8.775009356046978,8.86836051940918,8.717131378365785,8.86836051940918,3592590,0.0,0.0
2007-03-21,8.868361332619836,9.047595411779579,8.798347953678102,9.031725883483887,124957110,0.0,0.0
2007-03-22,9.055060263677815,9.703850379128433,9.055060263677815,9.591829299926758,5088280,0.0,0.0
2007-03-23,9.559156937034157,9.708518619507116,8.852862030836269,9.596497535705566,2437520,0.0,0.0
2007-03-26,9.708518619507116,9.708518619507116,9.559156937034157,9.596497535705566,682000,0.0,0.0
2007-03-27,9.559159625201197,9.615170182852909,9.335116682381464,9.475143432617188,2044450,0.0,0.0
2007-03-28,9.344449746751367,9.521817069907886,9.030789833353854,9.50314712524414,7069740,0.0,0.0
2007-03-29,9.465805398790955,9.470472528295884,9.344448636260402,9.35378360748291,2191970,0.0,0.0
2007-03-30,9.465808158265936,9.465808158265936,9.335116386413574,9.335116386413574,311340,0.0,0.0
2007-04-02,9.465805398790955,9.521815938338653,9.344448636260402,9.35378360748291,4241680,0.0,0.0
2007-04-03,9.498480576612844,9.610501684277445,9.419132232666016,9.419132232666016,3300460,0.0,0.0
2007-04-04,9.521816990163066,9.521816990163066,9.39187235312708,9.428465843200684,236470,0.0,0.0
2007-04-05,9.493810936767481,9.58137463917036,9.34911709277198,9.451803207397461,3187180,0.0,0.0
2007-04-10,9.521818564488338,9.708520889282227,9.428467402091394,9.708520889282227,4794500,0.0,0.0
2007-04-11,9.559159368633049,10.072590772383515,9.559159368633049,9.801872253417969,5689120,0.0,0.0
2007-04-12,9.769199082312271,9.855081978984442,9.428467204269854,9.615169525146484,8395890,0.0,0.0
2007-04-13,9.671178377507463,9.671178377507463,9.428465545511104,9.484476089477539,2212410,0.0,0.0
2007-04-16,9.582495378131162,9.582495378131162,9.391125241973183,9.428465843200684,3255180,0.0,0.0
2007-04-17,9.428466660909299,9.489145054139888,9.409796714782715,9.409796714782715,1664190,0.0,0.0
2007-04-18,9.428465843200684,9.521816990163066,9.408115076650214,9.428465843200684,1025030,0.0,0.0
2007-04-19,9.428465843200684,9.49847920342247,9.409795898693298,9.428465843200684,1282490,0.0,0.0
2007-04-20,9.521816990163066,9.521816990163066,9.42473171185666,9.428465843200684,840590,0.0,0.0
2007-04-23,9.428466236551541,9.475141811980013,9.419131263908398,9.433134078979492,1741510,0.0,0.0
2007-04-24,9.428465843200684,9.447135787708067,9.381790269719492,9.428465843200684,4332900,0.0,0.0
2007-04-25,9.40979422840239,9.521815299987793,9.40979422840239,9.521815299987793,952950,0.0,0.0
2007-04-26,9.377122939277411,9.489144749073912,9.377122939277411,9.46580696105957,9208060,0.0,0.0
2007-04-27,9.428466772105784,9.652509689331055,9.428466772105784,9.652509689331055,2735280,0.0,0.0
2007-04-30,9.652507024979165,9.652507024979165,9.5180811693066,9.521815299987793,1250590,0.0,0.0
2007-05-01,9.521816771152366,9.629170730132412,9.521816771152366,9.559157371520996,773750,0.0,0.0
2007-05-02,9.64783996289272,10.26862517258711,9.64783996289272,10.193943977355957,7116850,0.0,0.0
2007-05-03,10.26862623799859,10.730714133823433,10.26862623799859,10.4646635055542,14990220,0.0,0.0
2007-05-04,10.642031876937203,10.735383033752441,10.540466057625727,10.735383033752441,4553400,0.0,0.0
2007-05-08,10.68870685354044,10.852071368769224,10.639230857168052,10.847403526306152,16563010,0.0,0.0
2007-05-09,10.898746883820262,10.954757432001198,10.786725787458392,10.903414726257324,11129490,0.0,0.0
2007-05-10,11.015435647964477,11.29548909664154,11.015435647964477,11.20213794708252,68393780,0.0,0.0
2007-05-11,11.080781167770692,11.29082125427849,11.071446195257339,11.20213794708252,5801100,0.0,0.0
2007-05-14,11.20213794708252,11.258148494375382,11.108786797523498,11.20213794708252,1297510,0.0,0.0
2007-05-15,11.169465187179412,11.289701655835596,11.16479734481636,11.20213794708252,5138340,0.0,0.0
2007-05-16,11.239478686642325,11.286154261991992,11.183468138665278,11.220808029174805,3462490,0.0,0.0
2007-05-17,11.197470104719468,11.29548909664154,11.183468002055815,11.20213794708252,903780,0.0,0.0
2007-05-18,11.295489552932516,11.416846337146653,11.147248160747935,11.360835075378418,122978720,0.0,0.0
2007-05-21,11.398176247852575,11.575543590471721,11.295490116508695,11.486860275268555,7013560,0.0,0.0
2007-05-22,11.482190118809774,11.575541257987089,11.416844606270722,11.496192932128906,2517190,0.0,0.0
2007-05-23,11.524198612954464,11.612882628398317,11.388839737030581,11.59887981414795,1673160,0.0,0.0
2007-05-24,11.435515295678591,11.664225316707077,11.435515295678591,11.612882614135742,30262990,0.0,0.0
2007-05-25,11.54286917420817,11.668893076997197,11.49955382147643,11.538201332092285,17047270,0.0,0.0
2007-05-29,11.62221932272172,11.668894902331044,11.482192583893747,11.491527557373047,2171440,0.0,0.0
2007-05-30,11.407512761566347,11.556875204285303,11.388842812332932,11.454188346862793,2141060,0.0,0.0
2007-05-31,11.556873643759312,11.57087574768721,11.38884127449637,11.486860275268555,12365850,0.0,0.0
2007-06-01,11.398176161144505,11.575543502414385,11.388841187859313,11.42618179321289,1643880,0.0,0.0
2007-06-04,11.407509995739916,11.509076517628879,11.295488903073865,11.304823875427246,5123650,0.0,0.0
2007-06-05,11.444853438778173,11.513746506215266,11.202140536268276,11.346835136413574,1886560,0.0,0.0
2007-06-06,11.295489552932516,11.477524017040944,11.295489552932516,11.360835075378418,5483260,0.0,0.0
2007-06-07,11.482191613883026,11.482191613883026,11.239478762861385,11.295489311218262,1784210,0.0,0.0
2007-06-08,11.295490116508695,11.668894748459396,11.259269821627857,11.486860275268555,8789650,0.0,0.0
2007-06-11,11.622220073852787,11.68289847370905,11.486861169122783,11.59421443939209,14516460,0.0,0.0
2007-06-12,11.668892725845057,11.668892725845057,11.393507142400189,11.412177085876465,1762330,0.0,0.0
2007-06-13,11.388838680225502,11.434393938085483,11.314157485961914,11.314157485961914,2235090,0.0,0.0
2007-06-14,11.468189223828297,11.575543194282345,11.370170938623742,11.482192039489746,4354670,0.0,0.0
2007-06-15,11.426180183621227,11.566206899812142,11.304823411370684,11.370169639587402,3889320,0.0,0.0
2007-06-18,11.314159468007555,11.472856855565563,11.23014400000877,11.388840675354004,2916200,0.0,0.0
2007-06-19,11.332830973397286,11.426182133454573,11.239479813339997,11.34216594696045,2940770,0.0,0.0
2007-06-20,11.435517470949673,11.752911567687988,11.286155752547186,11.752911567687988,4570810,0.0,0.0
2007-06-21,11.500864151877595,11.500864151877595,11.267486220936792,11.351502418518066,6782650,0.0,0.0
2007-06-22,11.239479679375437,11.379506417792376,11.211474046806922,11.323495864868164,5511930,0.0,0.0
2007-06-25,11.239478762861385,11.42618106552615,11.20213815988588,11.295489311218262,20247290,0.0,0.0
2007-06-26,11.202138668831555,11.351500375306749,11.202138668831555,11.332830429077148,1971520,0.0,0.0
2007-06-27,11.202136406779182,11.426179277357296,11.202136406779182,11.314157485961914,8172880,0.0,0.0
2007-06-28,11.463522189322742,11.463522189322742,11.202138668831555,11.332830429077148,5468650,0.0,0.0
2007-06-29,11.258149235515768,11.762245618762432,11.220808630791423,11.724905014038086,8921350,0.0,0.0
2007-07-02,11.603548938949961,11.724905014038086,11.576663618082897,11.724905014038086,3107320,0.0,0.0
2007-07-03,11.66889326837577,11.72490381362143,11.594212066573075,11.659558296203613,2150220,0.0,0.0
2007-07-04,11.575542449951172,11.63155299678258,11.435515726766278,11.575542449951172,5628850,0.0,0.0
2007-07-05,11.631553211439286,11.668893814086914,11.542869903337328,11.668893814086914,1018130,0.0,0.0
2007-07-06,11.575540567594896,11.668891701204533,11.48218943398526,11.547534942626953,1131780,0.0,0.0
2007-07-09,11.491526485670242,11.668893814086914,11.491526485670242,11.668893814086914,4162300,0.0,0.0
2007-07-10,11.566206385739854,11.659557525718041,11.555377191988569,11.55687141418457,4456420,0.0,0.0
2007-07-11,11.556875204285303,11.66889632411161,11.454188346862793,11.454188346862793,3590550,0.0,0.0
2007-07-12,11.491528574222464,11.668895934875144,11.491528574222464,11.56620979309082,4802160,0.0,0.0
2007-07-13,11.668893814086914,11.668893814086914,11.556872718356782,11.668893814086914,22725850,0.0,0.0
2007-07-16,11.52886552023895,11.668892226962502,11.52886552023895,11.58487606048584,1059040,0.0,0.0
2007-07-17,11.482191301161242,11.659558626304657,11.482191301161242,11.575542449951172,2513650,0.0,0.0
2007-07-18,11.482193093550833,11.65022547248794,11.482193093550833,11.528868675231934,2148050,0.0,0.0
2007-07-19,11.640888717752048,11.640888717752048,11.389774595664653,11.482192039489746,485440,0.0,0.0
2007-07-20,11.463522093416342,11.612883798641944,11.463522093416342,11.482192039489746,800210,0.0,0.0
2007-07-23,11.46352084372713,11.606907780227347,11.46352084372713,11.538201332092285,1753240,0.0,0.0
2007-07-24,11.42618179321289,11.538202897060808,11.42618179321289,11.42618179321289,7756460,0.0,0.0
2007-07-25,11.38884024620056,11.47285642324623,11.178800159692765,11.20213794708252,3907060,0.0,0.0
2007-07-26,11.220809646348883,11.295490862556717,10.744718851609314,10.884745597839355,13749020,0.0,0.0
2007-07-27,10.726046633441404,10.782057177635933,9.867215677678708,10.128599166870117,8676380,0.0,0.0
2007-07-30,10.035246683578375,10.417986182090935,9.89521998566798,10.389981269836426,4110750,0.0,0.0
2007-07-31,10.576688947230199,11.118125362281944,10.576688947230199,10.838071823120117,6948560,0.0,0.0
2007-08-01,10.670037206931246,10.810063938191695,10.54868042162041,10.791393280029297,4035090,0.0,0.0
2007-08-02,10.903415278812377,11.146128141371623,10.744717886675826,11.108787536621094,2921580,0.0,0.0
2007-08-03,11.108789407612385,11.136795043945312,10.580608747099644,11.136795043945312,2097610,0.0,0.0
2007-08-06,10.968758722433545,10.996764348737589,10.894077527097869,10.987428665161133,3487670,0.0,0.0
2007-08-07,11.099449564117732,11.108784534729606,10.967077729378827,11.09011459350586,10298690,0.0,0.0
2007-08-08,11.07144681776484,11.07144681776484,10.67003727941889,10.866074562072754,5907310,0.0,0.0
2007-08-09,10.978094360324386,11.006099988328772,10.427322469868878,10.50200366973877,8443640,0.0,0.0
2007-08-10,10.333971911270433,10.938140559102319,9.512482227250576,9.74586009979248,11676570,0.0,0.0
2007-08-13,9.755194589289653,10.156604795073736,9.755194589289653,10.128599166870117,5850080,0.0,0.0
2007-08-14,10.016579524860294,10.143537156547163,9.960568260365113,9.969903945922852,5129590,0.0,0.0
2007-08-15,9.867214949918996,10.96875865742173,9.811204409855543,9.997906684875488,3213100,0.0,0.0
2007-08-16,9.773866851045833,9.988574818955255,9.465808428816997,9.867218017578125,5429010,0.0,0.0
2007-08-17,9.857881456467924,10.063254417106217,9.745860359547228,10.007243156433105,2922850,0.0,0.0
2007-08-20,9.904557197260749,10.063254584791013,9.830809700877538,9.932562828063965,1392120,0.0,0.0
2007-08-21,10.063254032080414,10.063254032080414,9.829876162247498,9.923227310180664,1081440,0.0,0.0
2007-08-22,10.063255139192844,10.249957455599294,9.820541558094204,10.137935638427734,3875890,0.0,0.0
2007-08-23,10.268627166748047,10.455329478870738,10.240621535044523,10.268627166748047,3661320,0.0,0.0
2007-08-24,10.231287976141633,10.352644780681532,10.035250663757324,10.035250663757324,2483730,0.0,0.0
2007-08-28,9.988570523254948,9.99790549345099,9.895219396869388,9.90455436706543,12135110,0.0,0.0
2007-08-29,9.84854696447199,10.268627166748047,9.839211991308416,10.268627166748047,1595480,0.0,0.0
2007-08-30,10.305966410346187,10.50200366973877,10.268625810411242,10.50200366973877,1919910,0.0,0.0
2007-08-31,10.548681549329826,10.884745597839355,10.455330385176465,10.884745597839355,16046310,0.0,0.0
2007-09-03,10.92208166086212,11.024767756256772,10.903411720685844,10.978092193603516,1931690,0.0,0.0
2007-09-04,10.922085302200063,11.37950611114502,10.922085302200063,11.37950611114502,4528870,0.0,0.0
2007-09-05,11.220808017738257,11.44485092163086,11.15154176596816,11.44485092163086,5239760,0.0,0.0
2007-09-06,11.44485092163086,11.575542674919273,11.21147304512039,11.44485092163086,16694370,0.0,0.0
2007-09-07,11.519530119344765,11.706232388014168,11.519530119344765,11.62221622467041,3659340,0.0,0.0
2007-09-10,11.482191922486367,11.575543076327719,11.19280348802073,11.239479064941406,1891110,0.0,0.0
2007-09-11,11.332830735214925,11.538202998139512,11.220808918172846,11.276820182800293,7270280,0.0,0.0
2007-09-12,11.342167336343737,11.342167336343737,11.062113821866113,11.136795043945312,2107310,0.0,0.0
2007-09-13,11.015435822619196,11.10878697365834,10.903414726257324,10.903414726257324,7136550,0.0,0.0
2007-09-14,10.875409681146795,10.875409681146795,10.100594800952504,10.268627166748047,11560430,0.0,0.0
2007-09-17,10.361978322809392,10.389983954512916,10.109930486328878,10.268627166748047,6503170,0.0,0.0
2007-09-18,10.268624537699932,10.445991831248183,10.193943347086158,10.36197566986084,1617310,0.0,0.0
2007-09-19,10.436659947352956,10.6513671875,10.436659947352956,10.6513671875,4237900,0.0,0.0
2007-09-20,10.483337852793792,10.67937518935928,10.44599723815918,10.44599723815918,1809640,0.0,0.0
2007-09-21,10.455328015478997,10.464662987335991,10.184609558349948,10.427322387695312,2560910,0.0,0.0
2007-09-24,10.47399848224088,10.47399848224088,10.175275094623274,10.240620613098145,2283810,0.0,0.0
2007-09-25,10.175275514026913,10.296632295868303,9.913892004928272,10.007243156433105,5101900,0.0,0.0
2007-09-26,10.11926377510054,10.11926377510054,9.857880296751977,9.913890838623047,8501380,0.0,0.0
2007-09-27,9.895221572609984,10.119264467639926,9.801870425698569,9.876551628112793,5177430,0.0,0.0
2007-09-28,9.8952225529031,9.897836373880159,9.633839030771481,9.652509689331055,6909000,0.0,0.0
2007-10-01,9.74585982949308,9.829876003720543,9.689849284079012,9.77386474609375,25485410,0.0,0.0
2007-10-02,9.839211248809242,9.84854622126837,9.708519497743227,9.74586009979248,18194110,0.0,0.0
2007-10-03,9.839212861587848,9.895223417736236,9.717856063088957,9.801872253417969,17229150,0.0,0.0
2007-10-04,9.633836029598914,9.82053828375558,9.633836029598914,9.727187156677246,4440170,0.0,0.0
2007-10-05,9.80187048355423,9.820540428161621,9.624503160933083,9.820540428161621,10654560,0.0,0.0
2007-10-08,9.801868343224944,9.856945166339123,9.689847275615977,9.727187156677246,6590940,0.0,0.0
2007-10-09,9.615169726885282,9.83921265908052,9.615169726885282,9.708520889282227,2251580,0.0,0.0
2007-10-10,9.615169523188968,9.857882397836608,9.615169523188968,9.811206817626953,3488190,0.0,0.0
2007-10-11,9.857880767015766,10.82873281720799,9.857880767015766,10.74471664428711,12033500,0.0,0.0
2007-10-12,10.604690717610682,10.7079373537474,10.371312837767961,10.530010223388672,5783010,0.0,0.0
2007-10-15,10.58602400887924,10.58602400887924,10.361981033284545,10.44599723815918,4766790,0.0,0.0
2007-10-16,10.548680545835216,10.931420140011458,10.36197823528946,10.614026069641113,74576830,0.0,0.0
2007-10-17,10.530010018758968,10.866074016759201,10.434418247311154,10.856739044189453,10579870,0.0,0.0
2007-10-18,10.86607659776229,11.192805700800255,10.698044202743311,11.183470726013184,6666670,0.0,0.0
2007-10-19,11.183468926733859,11.575543502414385,11.108787716026708,11.42618179321289,13173150,0.0,0.0
2007-10-22,11.202137755114578,11.538201745325466,11.071446005529026,11.304823875427246,20135850,0.0,0.0
2007-10-23,11.472856972933636,11.668894253957566,11.370170845941365,11.631553649902344,28825220,0.0,0.0
2007-10-24,11.734239776894615,11.790251039083838,11.416846422957196,11.631553649902344,14777120,0.0,0.0
2007-10-25,11.566207901028166,11.82759069988323,11.482191721598307,11.762245178222656,8861750,0.0,0.0
2007-10-26,11.762244844436644,11.846261021482313,11.121482702003776,11.20213794708252,18576850,0.0,0.0
2007-10-29,11.20213630871895,11.248811876671946,10.88474230419605,10.922082901000977,12681480,0.0,0.0
2007-10-30,11.015436183798405,11.267484014983255,10.548680413298474,11.21147346496582,29977580,0.0,0.0
2007-10-31,11.27681685459375,11.27681685459375,11.09011459350586,11.09011459350586,6974910,0.0,0.0
2007-11-01,11.015436504198158,11.202138817828635,10.66070182341513,10.735383033752441,5347860,0.0,0.0
2007-11-02,10.632693814250405,10.772720508786945,10.548677655085962,10.670034408569336,3861310,0.0,0.0
2007-11-05,10.567349301087503,11.015435080784146,10.567349301087503,10.99676513671875,3031410,0.0,0.0
2007-11-06,11.071445354253985,11.164796496721916,10.922083668747836,11.02476978302002,2828740,0.0,0.0
2007-11-07,11.108788185931267,11.108788185931267,10.72604856734595,10.968761444091797,7124040,0.0,0.0
2007-11-08,10.903414352179563,10.903414352179563,10.614025224116455,10.660700798034668,8488590,0.0,0.0
2007-11-09,10.642033325512212,10.950092469820095,10.604692715260818,10.772725105285645,19215960,0.0,0.0
2007-11-12,10.828733852952803,10.828733852952803,10.642031545143272,10.819398880004883,4793400,0.0,0.0
2007-11-13,10.819401367662717,10.866076955347014,10.60469337942977,10.80073070526123,5574940,0.0,0.0
2007-11-14,10.912749698918686,11.043441452816044,10.772722972359968,10.903414726257324,4821980,0.0,0.0
2007-11-15,11.052775355362343,11.052775355362343,10.361976762112317,10.380646705627441,5819160,0.0,0.0
2007-11-16,10.305965487321304,10.62335949002278,10.100592562179106,10.156603813171387,3808710,0.0,0.0
2007-11-19,10.081924978292214,10.081924978292214,9.745860954791702,9.895222663879395,12308530,0.0,0.0
2007-11-20,10.035248070156358,10.035248070156358,9.643173546719055,9.78320026397705,4319540,0.0,0.0
2007-11-21,9.67117788938368,9.71785345903535,8.868358233817474,9.087733268737793,6626190,0.0,0.0
2007-11-22,9.129743656617421,9.148413603576325,8.088878088869999,8.667654991149902,19018360,0.0,0.0
2007-11-23,8.588305047971023,9.148411898925655,8.588305047971023,8.849688529968262,8852870,0.0,0.0
2007-11-26,8.961710291584646,9.0177208384645,8.605482130865395,8.89169692993164,10868830,0.0,0.0
2007-11-27,8.868359822753767,8.929038216615169,8.350260621907768,8.513625144958496,9036650,0.0,0.0
2007-11-28,8.588306212233475,8.775008521195073,8.504290030758199,8.704995155334473,5817270,0.0,0.0
2007-11-29,8.75633816906722,8.961710414514748,8.75633816906722,8.924369812011719,5673730,0.0,0.0
2007-11-30,8.775007896816607,9.055061340332031,8.775007896816607,9.055061340332031,20908190,0.0,0.0
2007-12-03,8.868360407120583,9.274437820161957,8.868360407120583,9.213759422302246,5274800,0.0,0.0
2007-12-04,9.111072218768516,9.171750609518314,8.681657065498252,8.761005401611328,9071530,0.0,0.0
2007-12-05,8.751671607784521,8.938373935417257,8.462283142396352,8.644317626953125,4462860,0.0,0.0
2007-12-06,8.737668119235318,8.737668119235318,8.564968621890442,8.602309226989746,11734210,0.0,0.0
2007-12-07,8.733002813283687,8.924372297053905,8.672324406346613,8.737669944763184,5621160,0.0,0.0
2007-12-10,8.770340908866133,9.017721617178209,8.687258436173774,8.98038101196289,4008140,0.0,0.0
2007-12-11,9.0550613111612,9.17175024558338,8.93837237673902,9.083066940307617,3466810,0.0,0.0
2007-12-12,8.98038163055868,9.134411192548885,8.85902554551553,8.86836051940918,6882250,0.0,0.0
2007-12-13,8.868359930551707,8.887029877099325,8.406271987476504,8.560300827026367,9648050,0.0,0.0
2007-12-14,8.58830520524313,8.58830520524313,8.233570574924093,8.312919616699219,6849720,0.0,0.0
2007-12-17,8.214901625869505,8.266245045916305,7.822827060429031,8.060872077941895,8757340,0.0,0.0
2007-12-18,7.976857929087074,8.382936125899924,7.948853002825721,8.182230949401855,7088490,0.0,0.0
2007-12-19,8.121549999745833,8.382933503013557,8.04686879532284,8.12621784210205,5591190,0.0,0.0
2007-12-20,8.228905633030163,8.228905633030163,8.06554108840704,8.14022159576416,3920650,0.0,0.0
2007-12-21,8.228903491071833,8.588305253248949,8.214900677020733,8.494954109191895,7239290,0.0,0.0
2007-12-27,8.751671607784521,8.775009398738613,8.550966463136758,8.644317626953125,3593850,0.0,0.0
2007-12-28,8.588306427001953,8.686325426543076,8.499623112912598,8.588306427001953,2443810,0.0,0.0
2008-01-02,8.58830420118224,9.18575159240266,8.494953068560694,9.017719268798828,6329950,0.0,0.0
2008-01-03,8.924369689593828,8.989715921130946,8.672321872528107,8.89169692993164,25651550,0.0,0.0
2008-01-04,8.868359822753767,8.868359822753767,8.494955198637818,8.513625144958496,7775240,0.0,0.0
2008-01-07,8.476286115592325,8.588307229350884,8.028200236132347,8.270913124084473,11991490,0.0,0.0
2008-01-08,8.252241702382602,8.471616759780089,8.214901100392813,8.457613945007324,7362980,0.0,0.0
2008-01-09,8.294252112660573,8.294252112660573,7.925515240453388,7.934850215911865,7582190,0.0,0.0
2008-01-10,8.051535492388222,8.102878902152279,7.83682759437281,8.004859924316406,12452960,0.0,0.0
2008-01-11,8.028199158484899,8.289582671785796,7.939515848014653,7.990858554840088,12683220,0.0,0.0
2008-01-14,7.934847953325365,8.065539709116807,7.654794496149176,7.757480621337891,8758720,0.0,0.0
2008-01-15,7.654793371272595,7.757479481371523,7.40274558173771,7.463423252105713,8398540,0.0,0.0
2008-01-16,7.314060806565151,7.314060806565151,6.6279301516215,7.0013346672058105,11629260,0.0,0.0
2008-01-17,7.034009900018818,7.3467361496432115,7.034009900018818,7.062015533447266,6526580,0.0,0.0
2008-01-18,7.113359687261646,7.304729892657353,6.851976808526301,7.2813920974731445,5358950,0.0,0.0
2008-01-21,7.188040531973378,7.190094554120243,6.76329239747159,6.875314235687256,5326310,0.0,0.0
2008-01-22,6.739953067699494,7.468092357434469,6.487905235521195,7.197373867034912,20866740,0.0,0.0
2008-01-23,7.281390562132075,7.519436307702297,7.066682606825097,7.430752277374268,9395470,0.0,0.0
2008-01-24,7.69213383704586,7.958184435254052,7.538104318437122,7.841495513916016,7073100,0.0,0.0
2008-01-25,7.934849348412939,8.01886554277989,7.687468608637486,7.748147010803223,3589820,0.0,0.0
2008-01-28,7.74814566386404,7.841496816440715,7.444754417989846,7.743477821350098,3948160,0.0,0.0
2008-01-29,7.855498798396005,8.05620389758602,7.841495984552479,8.000192642211914,6984080,0.0,0.0
2008-01-30,8.121549999745833,8.308252298590565,7.850831523978422,8.12621784210205,20116700,0.0,0.0
2008-01-31,8.177562205549167,8.210234972031213,7.9068436748739845,8.14022159576416,5565470,0.0,0.0
2008-02-01,8.266245818203071,8.303585713857148,7.841497739115821,7.967521667480469,8792750,0.0,0.0
2008-02-04,7.981525646184073,8.214903589054952,7.934850057609897,8.046871185302734,8384030,0.0,0.0
2008-02-05,8.028200149536133,8.172894739441988,7.934848985006642,8.028200149536133,8921120,0.0,0.0
2008-02-06,7.9068436748739845,8.210234972031213,7.888173726087928,8.14022159576416,3670890,0.0,0.0
2008-02-07,8.065538102290812,8.228902586431259,8.065538102290812,8.135551452636719,13588130,0.0,0.0
2008-02-08,8.084210939416165,8.247575482063427,7.9441841885756554,8.093545913696289,9740110,0.0,0.0
2008-02-11,7.976857929087074,8.289584947269471,7.976857929087074,8.182230949401855,2369440,0.0,0.0
2008-02-12,8.13088415745349,8.424940391109258,8.13088415745349,8.382932662963867,3041260,0.0,0.0
2008-02-13,8.21489942214702,8.747000577105595,8.121548292349894,8.700325012207031,5139550,0.0,0.0
2008-02-14,8.77500666500467,9.40979466608155,8.616310020841768,9.139076232910156,8846400,0.0,0.0
2008-02-15,9.241762129533063,9.241762129533063,8.88702754068614,9.017719268798828,4143370,0.0,0.0
2008-02-18,9.148411391737138,9.708518211639412,9.073730197531773,9.35378360748291,6920790,0.0,0.0
2008-02-19,9.3351171225274,9.61517063620322,9.302444355041137,9.437803268432617,2967100,0.0,0.0
2008-02-20,9.33511561786694,9.409796827694995,9.153081148203654,9.246432304382324,6657440,0.0,0.0
2008-02-21,9.335114401496142,9.521816689526066,9.12507432746248,9.484476089477539,3903660,0.0,0.0
2008-02-22,9.335113665037895,9.48447534123597,9.241762528387516,9.35378360748291,3282910,0.0,0.0
2008-02-25,9.475139734791775,9.708517560771867,9.293105315412344,9.521815299987793,7721570,0.0,0.0
2008-02-26,9.577826262129005,10.29663042547219,9.465805185557082,10.08192253112793,5794650,0.0,0.0
2008-02-27,10.100591884492438,10.100591884492438,9.652506892106391,9.848544120788574,7279510,0.0,0.0
2008-02-28,9.699184306538559,10.221950586799936,9.699184306538559,9.876551628112793,9941760,0.0,0.0
2008-02-29,9.801872738965514,9.801872738965514,9.055063387425283,9.372457504272461,9996740,0.0,0.0
2008-03-03,9.13907642051463,9.48447534123597,8.96170911843638,9.35378360748291,8726180,0.0,0.0
2008-03-04,9.36311929091807,9.40979485924326,9.13907642051463,9.35378360748291,6365560,0.0,0.0
2008-03-05,9.3724569944018,9.512483740198004,9.25110019649328,9.335116386413574,5454610,0.0,0.0
2008-03-06,9.3351146962383,9.465806444428182,9.316444751730915,9.428465843200684,5246520,0.0,0.0
2008-03-07,9.335115839636686,9.41913202463598,8.971046179448292,9.129743576049805,7592650,0.0,0.0
2008-03-10,9.111072524672013,9.185753733058066,8.961710820112692,9.125075340270996,3739420,0.0,0.0
2008-03-11,9.241762297981573,9.353783374284175,8.873025602290594,8.929036140441895,8183810,0.0,0.0
2008-03-12,9.143745884008345,9.311778257755225,8.976647933498676,9.223094940185547,7498900,0.0,0.0
2008-03-13,9.055060937776037,9.372454968759182,9.055060937776037,9.28843879699707,7660320,0.0,0.0
2008-03-14,9.30244331758899,9.316446134153704,9.153081602728653,9.195089340209961,7402020,0.0,0.0
2008-03-17,9.148410938404226,9.239334849832906,8.74233365654003,8.82168197631836,9278290,0.0,0.0
2008-03-18,8.803015494130896,9.223095753320779,8.803015494130896,8.905701637268066,10788250,0.0,0.0
2008-03-19,8.938374241165084,8.999052642163873,8.681658531888802,8.784344673156738,7877240,0.0,0.0
2008-03-20,8.681659381518557,8.901034503017565,8.681659381518557,8.737669944763184,8204150,0.0,0.0
2008-03-25,8.83101909185275,9.143745317643695,8.83101909185275,9.09706974029541,19680960,0.0,0.0
2008-03-26,8.961709305178413,9.297773261680069,8.961709305178413,9.23709487915039,4193570,0.0,0.0
2008-03-27,9.204424614561212,9.3724569944018,9.204424614561212,9.335116386413574,3172490,0.0,0.0
2008-03-28,9.391125845690143,9.484476998653689,9.251099116244825,9.316445350646973,7531040,0.0,0.0
2008-03-31,9.241764834533361,9.241764834533361,8.989716987567583,9.134410858154297,3844640,0.0,0.0
2008-04-01,8.94770658772531,9.297773361206055,8.94770658772531,9.297773361206055,5024960,0.0,0.0
2008-04-02,9.297774617485832,9.330447378316117,9.08773452501757,9.241764068603516,5703590,0.0,0.0
2008-04-03,9.195088931195318,9.241764509526257,9.157748326088004,9.204423904418945,6787890,0.0,0.0
2008-04-04,9.241761797102486,9.241761797102486,8.980378350279196,9.115737915039062,2401550,0.0,0.0
2008-04-07,9.013053517515287,9.116673347544811,8.578970542014943,8.770339965820312,12252170,0.0,0.0
2008-04-08,8.81234814142842,8.81234814142842,8.242906305122933,8.494954109191895,21160710,0.0,0.0
2008-04-09,9.930493237342064,9.930493237342064,9.645535763963643,9.67779541015625,6194330,6.0,0.0
2008-04-10,9.73693755604402,9.89285726080006,9.40896750347832,9.68854808807373,24869770,0.0,0.0
2008-04-11,9.806833226368836,9.806833226368836,9.462734131561737,9.64016056060791,7168410,0.0,0.0
2008-04-14,9.591771892497462,9.591771892497462,9.080999268639644,9.25842571258545,22939880,0.0,0.0
2008-04-15,9.355201823547658,9.355201823547658,9.016478834822596,9.048738479614258,10363910,0.0,0.0
2008-04-16,9.193906337287537,9.462734007968459,9.145517684723748,9.344449996948242,11420920,0.0,0.0
2008-04-17,9.290685364356332,9.46273492620798,9.140141690087255,9.25842571258545,13355270,0.0,0.0
2008-04-18,9.14551709230258,9.731561048265913,9.140140211078483,9.543381690979004,9256510,0.0,0.0
2008-04-21,9.57026481628418,9.677795881635687,9.360579567007507,9.57026481628418,2855380,0.0,0.0
2008-04-22,9.462735736892489,9.59177271423673,9.118636583709781,9.349827766418457,13904550,0.0,0.0
2008-04-23,9.376709758729849,9.398216466763682,9.161647600773687,9.301438331604004,9729420,0.0,0.0
2008-04-24,9.35520463034059,9.35520463034059,8.414307612921277,8.882067680358887,25328320,0.0,0.0
2008-04-25,8.882067407703016,9.22616737003452,8.667005238894724,9.150895118713379,7174370,0.0,0.0
2008-04-28,9.193907245702341,9.29068538078914,8.978845087908136,9.043363571166992,6433970,0.0,0.0
2008-04-29,8.973469417386307,9.247674033755349,8.973469417386307,9.032611846923828,3074240,0.0,0.0
2008-04-30,9.032609250154202,9.188528962623105,8.871312656401448,9.021856307983398,13512970,0.0,0.0
2008-05-01,8.935834032311742,9.021859238414207,8.763784440503981,8.849809646606445,6211890,0.0,0.0
2008-05-02,9.005728987130253,9.742316805878794,8.88744494958767,9.462736129760742,20263150,0.0,0.0
2008-05-06,9.457356773485193,9.457356773485193,8.817547269298517,8.8390531539917,18465660,0.0,0.0
2008-05-07,8.817547333233595,8.817547333233595,8.376670130651299,8.53796672821045,28760350,0.0,0.0
2008-05-08,8.414307237111615,8.710017715093173,8.408930354807673,8.645499229431152,5993610,0.0,0.0
2008-05-09,8.645499229431152,8.779913083059133,8.559474034950423,8.645499229431152,6960610,0.0,0.0
2008-05-12,8.602485127912226,8.712166452318467,8.484201121482815,8.623991012573242,7649640,0.0,0.0
2008-05-13,8.623993503866913,8.623993503866913,8.344412820524061,8.387425422668457,17504330,0.0,0.0
2008-05-14,8.468072119448717,8.494954888081887,8.14547889585067,8.204621315002441,8013680,0.0,0.0
2008-05-15,8.269138761632371,8.4842008838054,8.113218230818791,8.290644645690918,9999390,0.0,0.0
2008-05-16,7.957299814759308,8.656251825515193,7.677719174536358,8.145479202270508,146771140,0.0,0.0
2008-05-19,8.086336420518121,8.408929641874913,7.858371069146725,8.333658218383789,27929730,0.0,0.0
2008-05-20,8.344410218933307,8.344410218933307,8.102465330250595,8.16160774230957,24712480,0.0,0.0
2008-05-21,8.226126664436903,8.279892198191392,7.9411691714587205,8.011064529418945,7672760,0.0,0.0
2008-05-22,8.000311351823523,8.085046047117212,7.860520640007938,8.06482982635498,8870830,0.0,0.0
2008-05-23,8.064830330062572,8.107842922568965,7.806755595421176,8.000311851501465,23074700,0.0,0.0
2008-05-27,8.06483255327201,8.113221220432767,7.726109421955147,7.882030010223389,18752290,0.0,0.0
2008-05-28,7.957300008915479,8.005688667297363,7.833639101454276,8.005688667297363,11189740,0.0,0.0
2008-05-29,7.98418197289894,7.98418197289894,7.758366889259978,7.806755542755127,11854050,0.0,0.0
2008-05-30,7.796002435518595,7.796002435518595,7.355125220485898,7.559434413909912,19028390,0.0,0.0
2008-06-02,7.521796596418318,7.521796596418318,7.204580328043769,7.3121113777160645,14543830,0.0,0.0
2008-06-03,7.215336134863141,7.398139484153614,6.892742857712206,7.097052097320557,20291650,0.0,0.0
2008-06-04,7.0916744827060265,7.20458244621599,6.914248854900432,7.00027322769165,25810090,0.0,0.0
2008-06-05,7.000271169587048,7.392759664970285,7.000271169587048,7.3121113777160645,31631180,0.0,0.0
2008-06-06,7.290608391769969,7.365879828279669,7.0970520973205575,7.097052097320557,26080090,0.0,0.0
2008-06-09,7.086297451299911,7.086297451299911,6.769080722867191,6.8927412033081055,57141880,0.0,0.0
2008-06-10,6.860482229209083,7.107803609800612,6.715315447831017,6.9895195960998535,28196670,0.0,0.0
2008-06-11,6.925001299198652,7.215334869561938,6.672303030291819,7.064791202545166,39104370,0.0,0.0
2008-06-12,7.032532162287744,7.18307582479973,6.978766627133246,7.161569118499756,22485600,0.0,0.0
2008-06-13,7.064791162310002,7.279853308138581,6.731445000355102,7.113180637359619,49510260,0.0,0.0
2008-06-16,7.07554620700268,7.312114282087847,7.054039496287674,7.097052097320557,15368570,0.0,0.0
2008-06-17,7.166946548005374,7.333619227486369,7.134686896288009,7.290607452392578,17084380,0.0,0.0
2008-06-18,7.113180491494859,7.269100215864455,6.7959637508629385,6.9895195960998535,40844830,0.0,0.0
2008-06-19,6.887363975455742,7.03253072665899,6.785208987278054,6.88198709487915,31727210,0.0,0.0
2008-06-20,6.7744574546813965,6.838975933027541,6.166906741094863,6.451864242553711,63948780,0.0,0.0
2008-06-23,6.559395452775596,6.559395452775596,6.172283754068236,6.231425762176514,13271030,0.0,0.0
2008-06-24,6.279814010743575,6.49487612878002,6.021739305020466,6.3335795402526855,26115710,0.0,0.0
2008-06-25,6.231426067358109,6.484123937195846,6.204543297792457,6.4088521003723145,22000990,0.0,0.0
2008-06-26,6.344333032331822,6.473370396385045,5.978727235880769,6.027116298675537,26429810,0.0,0.0
2008-06-27,6.021741027855944,6.091636400294407,5.844314565634337,5.973351955413818,28043350,0.0,0.0
2008-06-30,5.817429771815216,5.924960824234709,5.715275600175427,5.763664245605469,10663330,0.0,0.0
2008-07-01,5.828184085927973,5.86044332494301,5.290528735015771,5.4410719871521,16045140,0.0,0.0
2008-07-02,5.494838779787339,5.494838779787339,5.226011042807556,5.322789192199707,12284890,0.0,0.0
2008-07-03,5.226010111299269,5.269022705628699,4.672225317949231,5.215257167816162,28987050,0.0,0.0
2008-07-04,5.182998138842079,5.414189714758759,5.182998138842079,5.355047702789307,8880390,0.0,0.0
2008-07-07,5.419566954704058,5.462579143431158,5.010948495506063,5.381930828094482,10834230,0.0,0.0
2008-07-08,5.075465777962819,5.312034176337901,5.053959485347191,5.113101482391357,14611260,0.0,0.0
2008-07-09,5.096972582298937,5.306657828307434,5.059336463893433,5.263645648956299,15428160,0.0,0.0
2008-07-10,5.161491761553159,5.5916160750159225,5.059337155066051,5.209880828857422,8637280,0.0,0.0
2008-07-11,5.182997201513769,5.182997201513769,4.69373095795995,4.774379253387451,19261540,0.0,0.0
2008-07-14,4.860403999140383,5.00557076621335,4.731366644965278,4.838897705078125,19367450,0.0,0.0
2008-07-15,4.731366665080073,4.903416197912699,4.607705781345194,4.774379253387451,19204760,0.0,0.0
2008-07-16,4.822768211364746,4.946429103019624,4.575446838253459,4.822768211364746,13794140,0.0,0.0
2008-07-17,4.978688012132788,5.441071489595079,4.95718171802324,5.226009368896484,24846030,0.0,0.0
2008-07-18,5.2260103015425425,6.26368538317857,4.85502840528992,5.806678295135498,27763940,0.0,0.0
2008-07-21,5.849690768145661,6.554019242294084,5.806678173154006,6.07012939453125,29342650,0.0,0.0
2008-07-22,6.107765288510257,6.306698033494112,5.87119682944221,6.274438381195068,20132030,0.0,0.0
2008-07-23,6.279814693498338,6.7744574546813965,6.279814693498338,6.451864242553711,25069260,0.0,0.0
2008-07-24,6.451864695756764,6.774457930544602,6.376592858933233,6.4088521003723145,14417940,0.0,0.0
2008-07-25,6.3120743995559705,6.649721920925931,5.871196730918692,6.086258888244629,10654060,0.0,0.0
2008-07-28,6.070129660955932,6.070129660955932,5.914209510015811,5.930339336395264,3276020,0.0,0.0
2008-07-29,5.908832518609832,6.2314257362569725,5.704523316687247,6.188413143157959,5238280,0.0,0.0
2008-07-30,6.279813464936948,6.478745742751193,6.091634128010566,6.161529064178467,3047770,0.0,0.0
2008-07-31,6.161529835332942,6.4088511984932,6.150776893099281,6.387345314025879,9727750,0.0,0.0
2008-08-01,6.252931925821031,6.3712159395217896,6.150777326607567,6.236802101135254,8208050,0.0,0.0
2008-08-04,6.1507785215826125,6.279815913542805,5.96797558382222,6.2045440673828125,4228370,0.0,0.0
2008-08-05,6.156155109042056,6.984144201662657,6.150778636401384,6.968015193939209,16581090,0.0,0.0
2008-08-06,6.98951982914057,7.290607165323883,6.946507235343384,7.150816440582275,14978950,0.0,0.0
2008-08-07,7.097051815971034,7.097051815971034,6.7798350239750445,6.79058837890625,14079890,0.0,0.0
2008-08-08,6.7798339394732645,6.925001131334503,6.774457467966956,6.795963764190674,6501410,0.0,0.0
2008-08-11,6.925000089281381,7.4196427770021565,6.925000089281381,7.403512954711914,8947060,0.0,0.0
2008-08-12,7.312113317409309,7.613200664520265,7.1561935821821825,7.613200664520264,11077970,0.0,0.0
2008-08-13,7.457279589605605,7.484162357282912,6.844352814721788,6.9895195960998535,15746990,0.0,0.0
2008-08-14,7.032532663596438,7.054038551032484,6.774457912378795,6.860482692718506,5417710,0.0,0.0
2008-08-15,6.855104332789779,7.005647964569619,6.801338808611035,6.88198709487915,4270620,0.0,0.0
2008-08-18,6.709938152012827,6.709938152012827,6.25293115764236,6.57552433013916,12020470,0.0,0.0
2008-08-19,6.4679945293287355,6.516383186446107,6.21529624898958,6.301321029663086,9341300,0.0,0.0
2008-08-20,6.258308867688372,6.408852131876965,6.223898955291064,6.344333648681641,6485550,0.0,0.0
2008-08-21,6.2475550689454185,6.890591235315753,6.2475550689454185,6.709939002990723,13123070,0.0,0.0
2008-08-22,6.554017479428495,6.9303757384813025,6.554017479428495,6.88198709487915,4470150,0.0,0.0
2008-08-26,6.5862772089451616,6.6400427371814486,6.371215096000014,6.4034743309021,7887010,0.0,0.0
2008-08-27,6.301319269669364,6.88198709487915,6.301319269669364,6.88198709487915,6124510,0.0,0.0
2008-08-28,6.881988752970628,6.881988752970628,6.601332583506785,6.8067169189453125,10589610,0.0,0.0
2008-08-29,6.774457927191008,7.037908740645184,6.623914253618471,6.645420551300049,9381330,0.0,0.0
2008-09-01,6.661550132766736,6.817470272490926,6.650796779221123,6.8067169189453125,3957110,0.0,0.0
2008-09-02,6.6669266767208155,7.03253249726555,6.6669266767208155,6.93037748336792,9784990,0.0,0.0
2008-09-03,6.785210280597346,7.032532067119938,6.785210280597346,6.908871173858643,9108740,0.0,0.0
2008-09-04,6.935755000882299,6.957260889780469,6.822847443372759,6.838976860046387,5188330,0.0,0.0
2008-09-05,6.774457441311216,6.892741454778528,6.666926370814212,6.752951145172119,3825610,0.0,0.0
2008-09-08,6.908871939407363,7.1293109831426005,6.822847156831878,6.941131591796875,1711280,0.0,0.0
2008-09-09,6.924999775406425,6.924999775406425,6.774456141515606,6.8335981369018555,3020030,0.0,0.0
2008-09-10,7.480743347290333,7.617296780053704,7.409498353740084,7.59354829788208,4560410,3.0,0.0
2008-09-11,7.510428980959924,7.741975440926114,7.0057756502234865,7.077020645141602,7686260,0.0,0.0
2008-09-12,7.231388568878175,7.3976271106094496,7.041401081659092,7.231388568878174,2519570,0.0,0.0
2008-09-15,7.118580891868642,7.219511380926057,6.720795037366355,7.03546142578125,7669860,0.0,0.0
2008-09-16,7.0057748838342055,7.593547612986094,7.0057748838342055,7.261070251464844,58315540,0.0,0.0
2008-09-17,7.124517440795899,7.599485270182292,7.005775483449301,7.124517440795898,20555720,0.0,0.0
2008-09-18,7.362001890112996,7.504492339869405,7.2373229164378845,7.3323163986206055,13442160,0.0,0.0
2008-09-19,7.599484586412934,8.228817266096918,7.172013759613038,7.172013759613037,33843540,0.0,0.0
2008-09-22,7.290755639862039,7.290755639862039,6.7682908981196075,6.993900775909424,5504800,0.0,0.0
2008-09-23,6.964215433258366,7.148265362114937,6.406128186915391,6.625800609588623,12031190,0.0,0.0
2008-09-24,6.530809030100669,6.88703497719707,6.507060543034633,6.774230003356934,8135060,0.0,0.0
2008-09-25,6.774227960711902,6.815787913786997,6.578304020665006,6.6495490074157715,5524130,0.0,0.0
2008-09-26,6.697047879466911,6.697047879466911,6.447689448709537,6.530808925628662,14191410,0.0,0.0
2008-09-29,6.412067099364127,6.524872074112551,5.937099166077895,6.038029670715332,11354240,0.0,0.0
2008-09-30,5.943035905495604,6.441752303452617,5.937098897191352,6.020218372344971,20448060,0.0,0.0
2008-10-01,6.150833353395746,6.364568787883508,6.121147863801206,6.222078800201416,7065960,0.0,0.0
2008-10-02,6.127085003747664,6.744543291271874,5.937098047416199,6.026154518127441,7490450,0.0,0.0
2008-10-03,5.859916521252921,6.168645940475328,5.652118056627431,6.055840969085693,8342040,0.0,0.0
2008-10-06,5.747111012923369,5.836167482423434,5.580872088670731,5.69961404800415,3964190,0.0,0.0
2008-10-07,5.699613363544018,5.865852267833215,5.580871418470184,5.628368377685547,7677360,0.0,0.0
2008-10-08,5.491816246948442,6.0439666021518335,5.343388780814701,5.652117729187012,21001520,0.0,0.0
2008-10-09,5.5036908352350515,5.6996152920864125,5.468068330252457,5.539313793182373,16743410,0.0,0.0
2008-10-10,5.414632939494567,5.533374893895453,5.082155557765007,5.509626865386963,4949220,0.0,0.0
2008-10-13,5.604620153760467,6.358631358191451,5.515563690892339,6.138958930969238,9601330,0.0,0.0
2008-10-14,6.245826652963628,6.483310563007334,5.937097751092654,6.008342742919922,3329430,0.0,0.0
2008-10-15,5.937098811246613,6.174582763696478,5.105904977672087,5.218709945678711,9072620,0.0,0.0
2008-10-16,5.034660520541365,5.343389511108398,5.016849040985107,5.105905532836914,3903790,0.0,0.0
2008-10-17,5.26026725769043,5.456191617762631,4.7496770639127135,5.26026725769043,4895470,0.0,0.0
2008-10-20,5.200898257520602,5.22464674239716,5.082156286102484,5.177149772644043,1207850,0.0,0.0
2008-10-21,5.295892534268205,5.295892534268205,5.064346017825301,5.224647521972656,5259920,0.0,0.0
2008-10-22,4.987162347083701,5.224646268373401,4.987162347083701,5.20683479309082,3524430,0.0,0.0
2008-10-23,5.105903995037079,5.105903995037079,4.660621669888497,4.749678134918213,17310600,0.0,0.0
2008-10-24,4.630935807168526,4.8743567013113935,4.512193863394973,4.755614757537842,14528370,0.0,0.0
2008-10-27,4.773427525053808,4.773427525053808,4.262837118925808,4.304396629333496,6791380,0.0,0.0
2008-10-28,4.488446076074605,5.355262308674084,3.835365284628271,4.185654163360596,14510440,0.0,0.0
2008-10-29,4.274711144937052,4.393453121185303,4.250962659094463,4.393453121185303,11264400,0.0,0.0
2008-10-30,4.393453426786754,4.749679380310004,4.078312279624977,4.648748874664307,3553310,0.0,0.0
2008-10-31,4.614311845105688,4.6962436203584605,4.3934517649861125,4.571564674377441,3660730,0.0,0.0
2008-11-03,4.583439219010233,4.856546074139715,4.583439219010233,4.749678134918213,9103660,0.0,0.0
2008-11-04,4.7496795654296875,5.230584530836495,4.7496795654296875,5.224647521972656,5563150,0.0,0.0
2008-11-05,5.200898239303887,5.218709716140088,5.016848274843396,5.058407783508301,6907200,0.0,0.0
2008-11-06,4.993098753676672,5.034658706680017,4.678432867612032,4.7912373542785645,7546550,0.0,0.0
2008-11-07,4.696244165307462,4.814986118680418,4.6665586769642236,4.749678134918213,1873340,0.0,0.0
2008-11-10,4.803113363931437,4.886232843679807,4.559692386283494,4.648748874664307,2396060,0.0,0.0
2008-11-11,4.559690752942264,4.624998730434404,4.227212953046708,4.345954895019531,2181660,0.0,0.0
2008-11-12,4.405327137624251,4.57156608555768,4.239088642655514,4.393453121185303,1855500,0.0,0.0
2008-11-13,4.245024309965693,4.405325746079277,3.930357991118081,4.280646800994873,7915510,0.0,0.0
2008-11-14,4.393453121185303,4.42907562346684,3.989730220755371,4.393453121185303,1175100,0.0,0.0
2008-11-17,4.262836164621149,4.340018159951947,4.227213217429683,4.274710178375244,2250910,0.0,0.0
2008-11-18,4.144094844724193,4.3637673032960915,4.114409352865036,4.2272138595581055,3600620,0.0,0.0
2008-11-19,4.227213217429683,4.31033267260212,4.138156755380199,4.274710178375244,3804830,0.0,0.0
2008-11-20,4.167843456550506,4.262837406107159,4.0728499599585755,4.173780918121338,3684910,0.0,0.0
2008-11-21,4.090661796719687,4.3697053023087555,4.0728503163779335,4.10847282409668,2421300,0.0,0.0
2008-11-24,4.262836284010178,4.482508715365424,4.239087802872275,4.369703769683838,3212280,0.0,0.0
2008-11-25,4.345954309627399,4.630935113161605,4.328143292509323,4.482507705688477,1671980,0.0,0.0
2008-11-26,4.417201607027891,4.714056547648521,4.29845963077964,4.393453121185303,2465380,0.0,0.0
2008-11-27,4.23315163443604,4.535943583276143,4.23315163443604,4.393453121185303,567790,0.0,0.0
2008-11-28,4.3934527587580385,4.565628700707704,4.274710792305119,4.518131732940674,1460450,0.0,0.0
2008-12-01,4.458761212621193,4.512195193665434,4.393453214884765,4.429075717926025,980140,0.0,0.0
2008-12-02,4.464697377387781,4.565628312059838,4.2747104284215585,4.524068355560303,1457370,0.0,0.0
2008-12-03,4.393452475299836,4.565628406140998,4.393452475299836,4.440949440002441,7295260,0.0,0.0
2008-12-04,4.393452063850734,4.405326077432065,3.9006727998275887,4.096597194671631,7433470,0.0,0.0
2008-12-05,4.096597194671631,4.096597194671631,4.096597194671631,4.096597194671631,3145710,0.0,0.0
2008-12-08,4.049100698845314,4.268773599012883,4.043163691373679,4.0669121742248535,2305450,0.0,0.0
2008-12-09,4.043163286453667,4.375640654178824,4.043163286453667,4.274710178375244,3450280,0.0,0.0
2008-12-10,4.274710178375244,4.274710178375244,4.161905235852979,4.274710178375244,1433550,0.0,0.0
2008-12-11,4.280647305140153,4.39345225082174,4.256898824002251,4.369703769683838,2484430,0.0,0.0
2008-12-12,3.799743708437035,4.025353672311383,3.681001717548378,3.8769261837005615,84828270,0.0,0.0
2008-12-15,3.9481699001044035,3.9481699001044035,3.7997424602508545,3.7997424602508545,4737390,0.0,0.0
2008-12-16,3.7997423366276024,3.9659812450408936,3.7997423366276024,3.9659812450408936,2943480,0.0,0.0
2008-12-17,3.859114130326186,4.013478604946298,3.7997431437057836,3.9897301197052,7075160,0.0,0.0
2008-12-18,4.031289498750647,4.060974987765063,3.954107046127319,3.9541070461273193,2430250,0.0,0.0
2008-12-19,4.03722620010376,4.03722620010376,3.805679312740187,4.03722620010376,5210410,0.0,0.0
2008-12-22,3.7997431899562026,3.9778561519854,3.7938061818148334,3.918485164642334,9875850,0.0,0.0
2008-12-23,4.007541560812146,4.191591527086139,3.906611065651637,3.971919059753418,4387550,0.0,0.0
2008-12-29,4.084724222888085,4.155969228476081,4.0609757367038535,4.102535247802734,451780,0.0,0.0
2008-12-30,4.037226321499404,4.167842286009135,4.037226321499404,4.1322197914123535,3097250,0.0,0.0
2009-01-02,4.197527467553502,4.423137338487692,4.197527467553502,4.345954895019531,3096060,0.0,0.0
2009-01-05,4.482509319426737,4.630936780334907,4.411264319376681,4.494383335113525,10536700,0.0,0.0
2009-01-06,4.482509628320352,4.630937099456787,4.446887125840546,4.630937099456787,8954650,0.0,0.0
2009-01-07,4.619063468666631,4.673684673894456,4.476572993884048,4.654685974121094,36091020,0.0,0.0
2009-01-08,4.541879830197906,4.613124822819085,4.3162699319564775,4.524068355560303,4675520,0.0,0.0
2009-01-09,4.464697582452911,4.5596915142637435,4.459948248234079,4.535943031311035,734760,0.0,0.0
2009-01-12,4.506257426745054,4.559691398794329,4.399389482646505,4.440949440002441,1982510,0.0,0.0
2009-01-13,4.512194970209889,4.512194970209889,4.1025350731110555,4.150032043457031,6190940,0.0,0.0
2009-01-14,4.155969021556602,4.155969021556602,3.7997431054231785,3.9422335624694824,10319600,0.0,0.0
2009-01-15,3.888799362152083,3.918484853466221,3.781931638717651,3.7819316387176514,7378520,0.0,0.0
2009-01-16,3.8828627443042794,3.8947367608361727,3.8116172862188322,3.8353657722473145,4757760,0.0,0.0
2009-01-19,3.9184854611134496,3.9362969398498535,3.829428973360871,3.9362969398498535,6933510,0.0,0.0
2009-01-20,3.9066109657287593,3.989729981751557,3.8781126938318966,3.9066109657287598,2781330,0.0,0.0
2009-01-21,3.942233465876339,3.942233465876339,3.7878687701113845,3.9066109657287598,1551120,0.0,0.0
2009-01-22,3.9422339802711996,3.9422339802711996,3.8531774917995527,3.8947370052337646,1925960,0.0,0.0
2009-01-23,3.965981374072669,3.965981374072669,3.7118734430354294,3.7997424602508545,2710090,0.0,0.0
2009-01-26,3.842490695064366,3.894737005233765,3.758183768207045,3.8947370052337646,2799500,0.0,0.0
2009-01-27,3.7641206881433007,3.918485164642334,3.7641206881433007,3.918485164642334,8638820,0.0,0.0
2009-01-28,3.817553798829106,4.173779641844031,3.8116163390738578,4.096597194671631,3228110,0.0,0.0
2009-01-29,4.1025354507388245,4.132220946696362,3.99566793707052,4.055038928985596,1843310,0.0,0.0
2009-01-30,4.019414623184163,4.096597067969414,3.9778551239703006,4.001603603363037,694190,0.0,0.0
2009-02-02,3.977855966023919,4.060975435011382,3.894736497036456,3.9066109657287598,2044040,0.0,0.0
2009-02-03,3.930359180925073,3.9493578787562664,3.8543643896002986,3.918485164642334,3430710,0.0,0.0
2009-02-04,3.9897302698163086,4.084724214354786,3.977856253231348,4.013478755950928,1505380,0.0,0.0
2009-02-05,3.9541064694590506,4.280646800994873,3.9541064694590506,4.280646800994873,2990990,0.0,0.0
2009-02-06,4.203466325449835,4.7093069672347525,4.203466325449835,4.58344030380249,10055800,0.0,0.0
2009-02-09,4.601250648359639,4.915917002917171,4.589376634323906,4.8921685218811035,10009180,0.0,0.0
2009-02-10,4.886232426846023,4.886232426846023,4.5003210101170925,4.565629005432129,4121220,0.0,0.0
2009-02-11,4.583440688433083,4.672497182013764,4.494384194852404,4.666560173034668,2311440,0.0,0.0
2009-02-12,4.530005702364088,4.749678134918213,4.530005702364088,4.749678134918213,1523240,0.0,0.0
2009-02-13,4.719993976281732,4.749679472987906,4.607188998205322,4.654685974121094,3040970,0.0,0.0
2009-02-16,4.58344012750725,4.6665596019365925,4.5596920944971755,4.630937099456787,1375010,0.0,0.0
2009-02-17,4.583439146355311,4.648747582046876,4.506257149665113,4.5121941566467285,4385840,0.0,0.0
2009-02-18,4.488447011380624,4.654685974121094,4.381579495017236,4.654685974121094,2979770,0.0,0.0
2009-02-19,4.595313234416464,4.654684205266897,4.512193784632945,4.547816276550293,2635080,0.0,0.0
2009-02-20,4.654685766399238,4.6724967918492615,4.452824307212656,4.613125801086426,5202400,0.0,0.0
2009-02-23,4.725930772167092,4.725930772167092,4.559692269878983,4.58344030380249,2217790,0.0,0.0
2009-02-24,4.714056028003047,4.7734270095825195,4.518131607604931,4.7734270095825195,4499180,0.0,0.0
2009-02-25,4.749678134918213,4.904042583710134,4.648747655737043,4.749678134918213,5605550,0.0,0.0
2009-02-26,4.737804630795825,5.016848070075714,4.654685163893948,4.927791595458984,28520480,0.0,0.0
2009-02-27,4.820923717299108,5.438382041195533,4.79717568608224,5.343388557434082,16802940,0.0,0.0
2009-03-02,5.254332730776575,5.390886191971344,5.248395722238697,5.38494873046875,4825480,0.0,0.0
2009-03-03,5.295890482536185,5.438380904888435,5.183085998931696,5.3908843994140625,9104180,0.0,0.0
2009-03-04,5.444319222072457,5.462130699015988,5.248395240516993,5.26620626449585,4188730,0.0,0.0
2009-03-05,5.236521252198226,5.4324457047012045,5.200898748006242,5.38494873046875,8142830,0.0,0.0
2009-03-06,5.3790110572240435,5.390885525797138,5.266206097085281,5.343388557434082,7704810,0.0,0.0
2009-03-09,5.236520784340261,5.390885710321616,5.236520784340261,5.355262756347656,3107020,0.0,0.0
2009-03-10,5.242457209838594,5.610557069169714,5.242457209838594,5.58087158203125,4005670,0.0,0.0
2009-03-11,5.586808863968773,5.806481751389178,5.456192895313642,5.509626865386963,4968900,0.0,0.0
2009-03-12,5.557124009138513,5.557124009138513,5.189024089701141,5.343388557434082,12153420,0.0,0.0
2009-03-13,5.414633742351354,5.557124199353163,5.343388740332787,5.355262756347656,4140430,0.0,0.0
2009-03-16,5.421757352850499,5.6639910366118675,5.390884645530915,5.58087158203125,4799620,0.0,0.0
2009-03-17,5.5452493073110345,5.806481695051276,5.51556381899884,5.711487770080566,5611330,0.0,0.0
2009-03-18,5.758985317979223,5.758985317979223,5.574935362327457,5.658054828643799,4856840,0.0,0.0
2009-03-19,5.723363028831583,5.889601514594984,5.580872574631049,5.818356513977051,15162800,0.0,0.0
2009-03-20,5.7055518440833035,5.889601815899276,5.7055518440833035,5.83616828918457,14673650,0.0,0.0
2009-03-23,5.954909595405935,6.358631995777666,5.818356157463288,6.352694988250732,13038720,0.0,0.0
2009-03-24,6.412065955827821,6.881096796893338,5.931161099733662,6.293323993682861,28400410,0.0,0.0
2009-03-25,6.19239391993251,6.364569414151046,5.853979033476279,5.937098503112793,9285250,0.0,0.0
2009-03-26,5.925223949302574,6.055839923325709,5.853978501955259,6.04990291595459,7967430,0.0,0.0
2009-03-27,6.055840440113036,6.293324378940998,6.04990343223527,6.287387371063232,19375720,0.0,0.0
2009-03-30,6.257701257509901,6.257701257509901,6.026154349545287,6.073651313781738,4362770,0.0,0.0
2009-03-31,6.239889613050319,6.239889613050319,6.0558396743255045,6.210204124450684,6498400,0.0,0.0
2009-04-01,6.06177681074548,6.607990084407829,6.06177681074548,6.364568710327148,6389790,0.0,0.0
2009-04-02,6.483310667258361,6.649549588147906,6.299260724607905,6.364568710327148,8778160,0.0,0.0
2009-04-03,6.41206732742983,6.762356281280518,6.2933253398848334,6.762356281280518,4897430,0.0,0.0
2009-04-06,6.697047986598209,7.15420443751937,6.697047986598209,6.774230003356934,7454620,0.0,0.0
2009-04-07,6.881097051594695,7.071084016873075,6.69110963335166,7.041398525238037,5904030,0.0,0.0
2009-04-08,6.8870339331688815,7.004588677194657,6.8157889357357515,6.857348442077637,4555870,0.0,0.0
2009-04-09,6.863283689411424,7.124516034606571,6.851409677206225,6.982025623321533,9302390,0.0,0.0
2009-04-14,7.124518782599582,7.272946257237073,7.005776802889589,7.1482672691345215,12143410,0.0,0.0
2009-04-15,7.31450488701143,7.31450488701143,7.053272925518962,7.154203414916992,8972490,0.0,0.0
2009-04-16,7.278882451517695,7.480743885040284,7.0829584786882895,7.480743885040283,1891300,0.0,0.0
2009-04-17,7.480744274589149,7.504492759704591,7.373876318052004,7.50449275970459,6965510,0.0,0.0
2009-04-20,7.379813292673714,7.498555257460325,6.934530924723924,6.976090431213379,2970750,0.0,0.0
2009-04-21,6.887033330563289,7.122379698532634,6.774228383693901,7.053272247314453,3199930,0.0,0.0
2009-04-22,6.875159675218732,7.3738755455748,6.875159675218732,7.077020645141602,9229140,0.0,0.0
2009-04-23,7.130455973953625,7.497131365279088,7.08295945262973,7.189826965332031,7516370,0.0,0.0
2009-04-24,7.2848203897787025,7.510430335998536,7.2195123904933975,7.510430335998535,4400840,0.0,0.0
2009-04-27,7.362001961928148,7.7182278633117685,7.140429317189998,7.718227863311768,3935050,0.0,0.0
2009-04-28,7.753850547664434,7.926026031673646,7.593548625806856,7.848843574523926,4569760,0.0,0.0
2009-04-29,7.836970329284668,7.961649765076855,7.724165815704592,7.836970329284668,6178520,0.0,0.0
2009-04-30,7.741975894365617,8.04476827291342,7.5935488884204325,7.718227863311768,5129350,0.0,0.0
2009-05-01,7.836969830439641,7.836969830439641,7.682604910801681,7.718227863311768,6615930,0.0,0.0
2009-05-05,7.712289683573645,8.16944693913904,7.712289683573645,7.908214092254639,13619170,0.0,0.0
2009-05-06,8.003208205902345,8.003208205902345,7.795409777960892,7.920088291168213,14561340,0.0,0.0
2009-05-07,8.068517618082584,8.430681039179694,7.825097089382256,8.062581062316895,10310370,0.0,0.0
2009-05-08,8.181322567373845,8.424743081750675,8.074454604655756,8.092266082763672,7598870,0.0,0.0
2009-05-11,8.240693604971408,8.240693604971408,7.528241723952488,7.831033229827881,7593640,0.0,0.0
2009-05-12,7.908214522510688,7.931963458571849,7.700416088104247,7.700416088104248,6158710,0.0,0.0
2009-05-13,9.78263519913787,9.78263519913787,9.275331580498875,9.396478652954102,10935710,7.0,0.0
2009-05-14,9.449479201518434,9.75234711723794,9.229899847086854,9.646343231201172,5335030,0.0,0.0
2009-05-15,9.737203106487868,9.790204756063758,9.449478380483924,9.540338516235352,5252340,0.0,0.0
2009-05-18,9.532766706900626,9.7523460370103,9.457049736357611,9.676629066467285,5407790,0.0,0.0
2009-05-19,9.593340601474221,10.660950422247522,9.593340601474221,10.176361083984375,24552560,0.0,0.0
2009-05-20,10.161217458444298,10.43379902104789,9.865921728414833,9.994640350341797,7050410,0.0,0.0
2009-05-21,9.964353050645387,10.070356339447258,9.767488479614258,9.767488479614258,13373860,0.0,0.0
2009-05-22,9.706916099562063,10.138502632022627,9.661486029462218,10.040071487426758,8052460,0.0,0.0
2009-05-26,9.84320403231519,10.130928688944978,9.699342281674811,9.949207305908203,6383580,0.0,0.0
2009-05-27,9.979497634252041,10.804812207732066,9.956782310458689,10.638235092163086,10474140,0.0,0.0
2009-05-28,10.509516911862667,11.16825439781654,10.509516911862667,10.74423885345459,22911670,0.0,0.0
2009-05-29,10.759382248028968,10.842670224520143,10.539802334699193,10.68366527557373,4909590,0.0,0.0
2009-06-01,10.623091679908015,10.994104390250868,10.517087223131961,10.766953468322754,5407610,0.0,0.0
2009-06-02,10.766955147366492,11.001678265435643,10.600378009712344,10.668522834777832,5660650,0.0,0.0
2009-06-03,10.713951587677002,11.137967094982741,10.44379394792486,10.751810073852539,4054270,0.0,0.0
2009-06-04,10.668522141339645,10.880529918823601,10.373226378116966,10.539803504943848,10509190,0.0,0.0
2009-06-05,10.433800202363049,10.668522150017019,10.433800202363049,10.464086532592773,3739090,0.0,0.0
2009-06-08,10.418658256530762,10.63066490364859,10.312653777622272,10.418658256530762,14315830,0.0,0.0
2009-06-09,10.388369768967323,10.638236042312164,10.388369768967323,10.554946899414062,3140560,0.0,0.0
2009-06-10,10.494373992927462,10.73666810023074,10.486801832713525,10.691237449645996,2564300,0.0,0.0
2009-06-11,10.691235336220366,11.009246361401365,10.6382336912484,10.978960037231445,4646480,0.0,0.0
2009-06-12,10.903244508049697,11.054678459550386,10.759382716263785,10.948675155639648,4971380,0.0,0.0
2009-06-15,10.84267069303631,11.281829383322773,10.812384364885254,11.024392127990723,7276470,0.0,0.0
2009-06-16,10.97895931693588,11.168251718952016,10.812382234231507,10.994102478027344,4098560,0.0,0.0
2009-06-17,11.039534084590763,11.130394214455244,10.842669507093357,10.925958633422852,5846490,0.0,0.0
2009-06-18,10.903243281471472,10.903243281471472,10.448941478076827,10.471656799316406,16757540,0.0,0.0
2009-06-19,10.441370025073411,10.751810073852539,10.441370025073411,10.60037612915039,10705940,0.0,0.0
2009-06-22,10.668523398541,10.668523398541,10.2520799547245,10.418658256530762,7308420,0.0,0.0
2009-06-23,10.411084877016036,10.532232508633816,10.259650915168528,10.464086532592773,5335280,0.0,0.0
2009-06-24,10.433798778623158,10.66094969039863,8.510587610055909,10.57766056060791,8856900,0.0,0.0
2009-06-25,10.524658445309267,10.57766009130213,10.312650705988588,10.471656799316406,6675080,0.0,0.0
2009-06-26,10.600377551058385,10.751811516073504,10.547375894372985,10.554946899414062,3827700,0.0,0.0
2009-06-29,10.615520022443684,10.630663186885238,10.433799738446261,10.509516716003418,10064210,0.0,0.0
2009-06-30,10.554945970939396,10.774525894105468,10.501944318916333,10.645807266235352,6462950,0.0,0.0
2009-07-01,10.592804452003353,10.7972412109375,10.517087476205333,10.7972412109375,2693780,0.0,0.0
2009-07-02,10.75181176441774,10.797242417111415,10.607949956470256,10.660951614379883,1356880,0.0,0.0
2009-07-03,10.60037706879849,10.630663398283865,10.592804908752441,10.592804908752441,2987500,0.0,0.0
2009-07-06,10.494374014906745,10.630663656247544,10.494374014906745,10.623092651367188,834300,0.0,0.0
2009-07-07,10.653379231960649,10.653379231960649,10.395941952989535,10.486802101135254,3047070,0.0,0.0
2009-07-08,10.494373794729578,10.50194479945109,10.146075227756382,10.21422004699707,12475210,0.0,0.0
2009-07-09,10.206648336097638,10.358082284243451,10.146074525769446,10.16121768951416,2673960,0.0,0.0
2009-07-10,10.199073807370642,10.380795196142495,10.11578584844731,10.27479076385498,4994760,0.0,0.0
2009-07-13,10.191504025414817,10.456513404846191,10.146073383944042,10.456513404846191,2467550,0.0,0.0
2009-07-14,10.47922897436656,10.789669036865234,10.388368834599673,10.789669036865234,3072860,0.0,0.0
2009-07-15,10.615517673995072,11.115250077457324,10.615517673995072,10.994102478027344,10745350,0.0,0.0
2009-07-16,10.963817827505409,11.047105803882005,10.751810073852539,10.751810073852539,1400370,0.0,0.0
2009-07-17,10.600375201967028,10.903243064880371,10.600375201967028,10.903243064880371,4246380,0.0,0.0
2009-07-20,10.850241684129442,11.448405265808105,10.850241684129442,11.448405265808105,5005850,0.0,0.0
2009-07-21,11.334831021749078,11.418120157089229,11.115252254542295,11.32726001739502,1824710,0.0,0.0
2009-07-22,11.296973154035983,12.114716766869565,11.296973154035983,12.054142951965332,5368810,0.0,0.0
2009-07-23,11.81184725554093,13.136894223309946,11.81184725554093,13.061177253723145,8234640,0.0,0.0
2009-07-24,12.871886756892023,12.932460572700226,12.56144667296838,12.765883445739746,6604970,0.0,0.0
2009-07-27,12.73559259290045,12.86431119536659,12.553872348871682,12.71287727355957,3874830,0.0,0.0
2009-07-28,12.652307505190528,12.796169301469657,12.22071980565434,12.334295272827148,2530730,0.0,0.0
2009-07-29,12.1147141434988,12.34943719216876,12.076855661800366,12.220717430114746,1492540,0.0,0.0
2009-07-30,12.36458020378262,12.864311462930162,12.22071728186428,12.743165016174316,2779550,0.0,0.0
2009-07-31,12.818881716489187,12.993939062117942,12.478155392304975,12.644732475280762,1908670,0.0,0.0
2009-08-03,12.871886741845914,12.969409787992012,12.478158672576987,12.741653442382812,2512480,0.0,0.0
2009-08-04,12.420611653304972,12.744681358337402,12.0995724295157,12.744681358337402,2527510,0.0,0.0
2009-08-05,12.871885281907678,12.92942976488928,12.720451337414646,12.77193832397461,2210850,0.0,0.0
2009-08-06,12.735592597326725,12.890055844619084,12.55084302780209,12.644732475280762,1524720,0.0,0.0
2009-08-07,12.550844213075116,12.92337155738859,12.235862503926235,12.811310768127441,2025990,0.0,0.0
2009-08-10,12.81131220699695,12.868857848624634,12.593248100071685,12.714394569396973,504550,0.0,0.0
2009-08-11,12.720453760432987,12.950632891553695,12.599306119622385,12.623536109924316,1873080,0.0,0.0
2009-08-12,12.644734382629395,13.767768571997294,12.420611636116519,12.720451354980469,1105450,0.0,0.0
2009-08-13,12.569014837026051,12.996058427443575,12.50238354528674,12.759821891784668,1676860,0.0,0.0
2009-08-14,12.720450171998127,13.020289862977446,12.629590044696553,12.865826606750488,970160,0.0,0.0
2009-08-17,12.720452839058021,12.720452839058021,12.296437282282977,12.387298583984375,546290,0.0,0.0
2009-08-18,12.266148573050469,12.529643292973772,12.266148573050469,12.341865539550781,1080890,0.0,0.0
2009-08-19,12.647760878231571,12.865826099436148,12.23798163938509,12.702277183532715,5346340,0.0,0.0
2009-08-20,12.720450187702873,12.974859237670898,12.572044427159357,12.974859237670898,4793780,0.0,0.0
2009-08-21,13.477621482920283,15.870278343151487,13.477621482920283,15.400832176208496,26805740,0.0,0.0
2009-08-24,15.627983788940151,16.445727381985144,15.476549833018835,15.991425514221191,14911750,0.0,0.0
2009-08-25,16.006568909932774,16.506301433830714,15.991425745191801,16.324581146240234,29519100,0.0,0.0
2009-08-26,16.506301879882812,16.506301879882812,16.203433955481295,16.506301879882812,39859390,0.0,0.0
2009-08-27,16.33972380417104,16.657734875265323,16.203433015030814,16.58201789855957,26964940,0.0,0.0
2009-08-28,16.521445080717083,16.657735878062027,16.127717009214596,16.203433990478516,14298940,0.0,0.0
2009-09-01,16.08228255428109,16.27914712114154,15.644638598522057,16.0519962310791,3047580,0.0,0.0
2009-09-02,15.945993644318445,16.051996935526574,15.69703552770372,15.80970287322998,6743120,0.0,0.0
2009-09-03,15.749129085535309,16.142857081603847,15.749129085535309,16.036853790283203,3849590,0.0,0.0
2009-09-04,16.203428767754033,16.61229987265119,16.203428767754033,16.385149002075195,1603820,0.0,0.0
2009-09-07,16.324579701031325,16.809167861938477,16.312767409690423,16.809167861938477,2489150,0.0,0.0
2009-09-08,16.93031751279228,17.86920762054557,16.93031751279228,17.80863380432129,43798540,0.0,0.0
2009-09-09,17.77834605864206,18.126643452344,17.41490434557753,17.854063034057617,4249220,0.0,0.0
2009-09-10,17.854062801325753,18.005496750182886,17.349787474347664,17.914636611938477,5053040,0.0,0.0
2009-09-11,18.00549433425908,18.490082443441572,17.869203567504883,17.869203567504883,30084760,0.0,0.0
2009-09-14,17.869204278961202,17.957338939792997,17.460333117768734,17.702627182006836,7345920,0.0,0.0
2009-09-15,17.91463466163065,17.94492098596517,17.505762351019385,17.748056411743164,7576940,0.0,0.0
2009-09-16,17.929777369989992,18.02063749604306,17.717769638966708,17.869203567504883,4602200,0.0,0.0
2009-09-17,18.005499698461755,18.172076838410614,17.47548079067478,17.536054611206055,5089480,0.0,0.0
2009-09-18,17.5966224544958,17.672339420574264,16.978772889360922,17.445188522338867,7707320,0.0,0.0
2009-09-21,17.278612859445275,17.490620613098145,17.0363187789917,17.112035751342773,4023430,0.0,0.0
2009-09-22,17.308896227438808,17.49061645574853,16.97574093507227,17.02117156982422,4872720,0.0,0.0
2009-09-23,17.066603428024955,17.142320392932515,16.80916620947892,17.05146026611328,6020590,0.0,0.0
2009-09-24,17.08175040695728,17.08175040695728,16.43058394514807,16.58201789855957,4081960,0.0,0.0
2009-09-25,16.491156354918886,16.93031501352926,16.06714085929178,16.778881072998047,3137780,0.0,0.0
2009-09-28,16.491156107156776,17.30889960480945,16.324579006144944,16.975744247436523,2641060,0.0,0.0
2009-09-29,17.33918716513659,17.49425584320908,17.081749913907487,17.157466888427734,3988410,0.0,0.0
2009-09-30,17.081749424542068,17.081749424542068,16.521443135934533,16.809167861938477,3262380,0.0,0.0
2009-10-01,16.65773345425483,17.066604631446832,16.521442676741074,16.6274471282959,3123300,0.0,0.0
2009-10-02,16.430582500356444,16.50629947040417,15.9611375171304,16.158000946044922,2293270,0.0,0.0
2009-10-05,16.03685426712901,16.46086860036861,16.03685426712901,16.37000846862793,1701550,0.0,0.0
2009-10-06,16.370009191232384,17.263469696044922,16.370009191232384,17.263469696044922,3190120,0.0,0.0
2009-10-07,17.11203991040123,17.929783641614215,17.11203991040123,17.596628189086914,4205270,0.0,0.0
2009-10-08,17.505763326807,18.15692973443867,17.505763326807,17.990352630615234,3326420,0.0,0.0
2009-10-09,17.854058467412024,17.960061743740926,17.64205075940515,17.7177677154541,2616920,0.0,0.0
2009-10-12,17.823774102996204,17.914635390394402,17.62691067611505,17.732913970947266,1203610,0.0,0.0
2009-10-13,17.717772037737824,17.732915201572006,17.081749913907487,17.157466888427734,2360340,0.0,0.0
2009-10-14,18.084901367676068,18.74049879484198,18.084901367676068,18.580596923828125,5476030,3.0,0.0
2009-10-15,18.38871055206794,18.580592261151338,18.004945913946997,18.24479866027832,2776840,0.0,0.0
2009-10-16,18.244799246368313,18.6925248752177,17.789079257690233,18.116878509521484,1609130,0.0,0.0
2009-10-19,18.036925120694658,18.548610437896397,17.812742708981276,18.196826934814453,4495160,0.0,0.0
2009-10-20,18.45266810423384,18.45266810423384,17.97296270058801,17.98895263671875,1477170,0.0,0.0
2009-10-21,17.98895257191249,18.0689034722321,17.71711999880738,17.924991607666016,3929640,0.0,0.0
2009-10-22,17.797073364257812,17.94098402880351,17.592718854254336,17.797073364257812,3415090,0.0,0.0
2009-10-23,18.004944236429452,18.036925331599782,17.54122872606903,17.637170791625977,5722400,0.0,0.0
2009-10-26,17.781081550178023,17.781081550178023,16.453897201964075,16.94959259033203,5797120,0.0,0.0
2009-10-27,16.94959532362008,17.381329810862667,16.917615443066644,17.23741912841797,4715770,0.0,0.0
2009-10-28,17.173458316323284,17.42930102313068,16.325978053822382,16.48587989807129,4188550,0.0,0.0
2009-10-29,16.309988744050553,16.59781256280964,16.309988744050553,16.469890594482422,2603670,0.0,0.0
2009-10-30,16.357957530147957,16.94959380713224,16.30998649365555,16.853652954101562,5827610,0.0,0.0
2009-11-02,16.917617797851562,17.013558672820245,16.629793952991104,16.917617797851562,3173550,0.0,0.0
2009-11-03,16.6297907268623,16.91761451588582,16.48587883235054,16.821672439575195,4998340,0.0,0.0
2009-11-04,17.22142702435554,17.39732001762223,16.677761765017614,16.821672439575195,7349170,0.0,0.0
2009-11-05,16.7577083204178,17.109491775483583,16.453894671067978,16.90161895751953,6186260,0.0,0.0
2009-11-06,16.949589983189345,16.99756100885916,16.837659216564923,16.90161895751953,2545100,0.0,0.0
2009-11-09,17.17345736157261,17.22142718020787,16.773702773174524,17.061525344848633,1729740,0.0,0.0
2009-11-10,16.94959138722935,17.237415125182757,16.94959138722935,17.0455322265625,2441920,0.0,0.0
2009-11-11,17.269396462577184,17.333357434207173,17.04553367184926,17.253406524658203,2289960,0.0,0.0
2009-11-12,17.093504705560267,17.317367496288192,17.093504705560267,17.253406524658203,776390,0.0,0.0
2009-11-13,17.093504321493825,17.701130488441063,17.093504321493825,17.621179580688477,3804560,0.0,0.0
2009-11-16,17.94098498924929,18.35673072671708,17.637172485651664,18.308759689331055,16727200,0.0,0.0
2009-11-17,18.132868498802978,18.276780395609787,17.8130648258786,18.228809356689453,17213720,0.0,0.0
2009-11-18,18.180835723876953,18.43667960167811,18.180835723876953,18.180835723876953,10923940,0.0,0.0
2009-11-19,18.132872930028725,18.21282386779785,17.909010060284274,18.21282386779785,10034990,0.0,0.0
2009-11-20,18.53262308995845,18.53262308995845,18.068907520227263,18.228809356689453,7215250,0.0,0.0
2009-11-23,18.532618938076627,18.532618938076627,17.90900167159288,17.924991607666016,7357190,0.0,0.0
2009-11-24,17.749100228284263,18.186591573400523,17.557218551635742,17.557218551635742,5147130,0.0,0.0
2009-11-25,17.589198133680554,18.116874565672543,17.589198133680554,17.98895263671875,4340200,0.0,0.0
2009-11-26,17.813062485756806,18.00494417632204,17.493258854845386,17.573209762573242,1846250,0.0,0.0
2009-11-27,17.36533560099215,17.733110236703567,17.269394762966456,17.541227340698242,1216850,0.0,0.0
2009-11-30,17.365337893398376,17.493259840955627,16.981573270680723,17.1734561920166,3123200,0.0,0.0
2009-12-01,17.3973171912506,17.54122784242843,17.253405320118794,17.349346160888672,1947560,0.0,0.0
2009-12-02,17.22142460012251,18.020933657137554,17.109493820122005,17.829051971435547,3243650,0.0,0.0
2009-12-03,17.557224241602512,17.62118400791088,15.462508956236196,15.986988067626953,108169680,0.0,0.0
2009-12-04,15.942211786366169,16.136972584014128,15.513674837916527,15.92622184753418,30383040,0.0,0.0
2009-12-07,15.718345964832242,15.990178511547018,15.315392783167127,15.734335899353027,13854830,0.0,0.0
2009-12-08,15.587228312982386,15.94700737018854,15.478495038006368,15.606415748596191,39564470,0.0,0.0
2009-12-09,15.507282263471177,15.510479763755967,15.027576703767386,15.158696174621582,6875330,0.0,0.0
2009-12-10,15.040367924860867,15.267429483619281,14.816506306295889,15.158696174621582,16425090,0.0,0.0
2009-12-11,15.190673608100049,15.376160313524304,14.611828553534224,14.838890075683594,7981390,0.0,0.0
2009-12-14,14.861277575560852,15.21945735980531,14.861277575560852,15.088337898254395,7429340,0.0,0.0
2009-12-15,15.229050563356278,15.229050563356278,15.030772627726634,15.174684524536133,12545260,0.0,0.0
2009-12-16,15.309001415797614,15.667182406307331,15.19387189884479,15.57443904876709,8605810,0.0,0.0
2009-12-17,15.830278944340884,15.970992095773816,15.44011814361024,15.513672828674316,11136420,0.0,0.0
2009-12-18,15.510476615699895,15.628803621490258,15.401743328771053,15.424129486083984,5101310,0.0,0.0
2009-12-21,15.369763730627305,15.443318423122369,15.174683310553652,15.270624160766602,2817020,0.0,0.0
2009-12-22,15.219457690145257,15.670380845261763,15.219457690145257,15.452914237976074,2581790,0.0,0.0
2009-12-23,15.13630527674883,15.606415748596191,15.13630527674883,15.606415748596191,10586650,0.0,0.0
2009-12-29,15.584027830959268,15.958198642505447,15.574434114237558,15.734335899353027,13979890,0.0,0.0
2009-12-30,15.830284035685679,15.875056360997949,15.641599793330846,15.702362060546875,3284360,0.0,0.0
2010-01-04,15.92622405902321,16.469890594482422,15.92622405902321,16.469890594482422,4378140,0.0,0.0
2010-01-05,16.485878411325398,16.485878411325398,16.03815401977814,16.118104934692383,2619460,0.0,0.0
2010-01-06,16.038155958204978,16.246027630133604,15.990184915476831,16.230037689208984,1442200,0.0,0.0
2010-01-07,16.21404418089114,16.789690467204487,16.13409327390445,16.53384780883789,7022180,0.0,0.0
2010-01-08,16.661767952040755,16.75771001307125,16.37010745358105,16.613798141479492,2939520,0.0,0.0
2010-01-11,16.72573042902047,16.965583163337076,16.70014677173616,16.933603286743164,4553900,0.0,0.0
2010-01-12,16.821669760486266,16.88563072785527,16.469886269887734,16.613798141479492,8451080,0.0,0.0
2010-01-13,16.54984034024752,16.85365407840716,16.54984034024752,16.629791259765625,8256990,0.0,0.0
2010-01-14,16.64577751762322,16.885630223121982,16.465408546598205,16.805679321289062,6635130,0.0,0.0
2010-01-15,16.933603286743164,17.041376471227,16.789691402162383,16.933603286743164,3062970,0.0,0.0
2010-01-18,17.077511905006283,17.125481710722237,16.64577633383952,16.90161895751953,2604790,0.0,0.0
2010-01-19,16.85365353833013,17.0615251904434,16.64578066626268,16.821672439575195,4750740,0.0,0.0
2010-01-20,16.869642838977633,17.09350564196911,16.66176997478109,16.789691925048828,7514080,0.0,0.0
2010-01-21,16.741721471109592,17.541230638210415,16.581819637689428,16.709741592407227,8731670,0.0,0.0
2010-01-22,16.757714372420335,16.77370431343371,16.246027720312224,16.357959747314453,4501160,0.0,0.0
2010-01-25,16.325978554710986,16.469890462941137,16.16607670555622,16.230037689208984,1729090,0.0,0.0
2010-01-26,16.30998471932619,16.30998471932619,15.974191160272042,16.166072845458984,3480840,0.0,0.0
2010-01-27,16.022165936934982,16.469891634395445,15.836680413098652,16.006175994873047,2471800,0.0,0.0
2010-01-28,16.102112391807292,16.214044395039423,15.951805514255868,16.02216148376465,2404720,0.0,0.0
2010-01-29,16.182060892195455,17.25340363253917,15.926218268515443,16.90161895751953,11975050,0.0,0.0
2010-02-01,17.01355272551896,17.25340543907434,16.597808266013768,16.677759170532227,7403600,0.0,0.0
2010-02-02,16.59780864302452,17.205434799194336,16.437906830355512,17.205434799194336,9498510,0.0,0.0
2010-02-03,17.237418391627,17.44529004624761,16.949594599131764,17.077516555786133,2499310,0.0,0.0
2010-02-04,22.066450119018555,22.066450119018555,22.066450119018555,22.066450119018555,3742280,0.0,0.0
2010-02-05,16.949593752906434,16.97709639883556,16.389937355404808,16.789691925048828,5676690,0.0,0.0
2010-02-08,16.805681863843763,16.8536529001827,16.421917232994677,16.789691925048828,8143000,0.0,0.0
2010-02-09,17.269397634320555,18.148857699031325,17.269397634320555,18.068906784057617,6759420,0.0,0.0
2010-02-10,18.228808877518247,19.07628907647225,18.084896984494375,18.436681747436523,9369240,0.0,0.0
2010-02-11,18.45267184168315,18.900396243796763,18.436681902313765,18.724504470825195,4283030,0.0,0.0
2010-02-12,18.90039738758235,18.90039738758235,18.244800074129774,18.452672958374023,3778390,0.0,0.0
2010-02-15,18.420690742990207,18.74049441019458,18.308759947450344,18.724504470825195,1104940,0.0,0.0
2010-02-16,18.78846313718126,19.06029573288653,18.500639384119427,18.996335983276367,3892740,0.0,0.0
2010-02-17,18.85242610588711,19.316141659458083,18.85242610588711,19.220199584960938,1924760,0.0,0.0
2010-02-18,19.284164547168544,19.63850762419907,18.974595016802905,19.47604751586914,4245250,0.0,0.0
2010-02-19,19.188224292192302,19.603968907865582,19.188224292192302,19.508028030395508,3000770,0.0,0.0
2010-02-22,19.412085414081528,20.003721788779657,19.38841951991004,19.85980987548828,11799540,0.0,0.0
2010-02-23,19.82782600966527,20.067678743653158,19.332130603414456,19.571983337402344,3670080,0.0,0.0
2010-02-24,19.715900311779084,19.859811013361526,19.39609658389916,19.47604751586914,3052810,0.0,0.0
2010-02-25,19.524014551421132,19.667926452380616,18.964358107654203,19.12425994873047,9712420,0.0,0.0
2010-02-26,19.508022248275637,21.171000218067014,19.492032310095734,20.307531356811523,13542450,0.0,0.0
2010-03-01,20.61134476144978,20.787237749136555,20.27235366508066,20.707286834716797,6597110,0.0,0.0
2010-03-02,20.86718908648965,21.41085433959961,20.40347352946571,21.41085433959961,3999680,0.0,0.0
2010-03-03,21.4428342795952,22.14640128674891,21.266941307852743,21.522785186767578,6035900,0.0,0.0
2010-03-04,21.330902039654166,21.73065659391986,20.851196574535333,21.218971252441406,10297560,0.0,0.0
2010-03-05,22.24234390258789,22.24234390258789,22.24234390258789,22.24234390258789,4035670,0.0,0.0
2010-03-08,21.76263655558889,21.810605144984297,21.33089973176698,21.442832946777344,4119390,0.0,0.0
2010-03-09,21.346894634303762,21.53877634528213,21.043082128580373,21.42684555053711,2011290,0.0,0.0
2010-03-10,21.34689452991874,21.7466491091307,21.075061904036268,21.29892349243164,4955860,0.0,0.0
2010-03-11,21.250949288331867,22.35427322649512,21.234960571490866,21.330900192260742,5013560,0.0,0.0
2010-03-12,21.362884935660613,21.538775480365878,21.043081283569336,21.043081283569336,5395800,0.0,0.0
2010-03-15,20.899167080782615,20.931146956333915,20.40347169001314,20.499412536621094,3743580,0.0,0.0
2010-03-16,20.739267785553807,20.826575027945907,20.419464111328125,20.419464111328125,4287180,0.0,0.0
2010-03-17,20.707284408919577,20.93114596710686,20.611342346891888,20.803226470947266,8579630,0.0,0.0
2010-03-18,20.93114736584337,21.107040344678953,20.915158647708957,20.99510955810547,3196540,0.0,0.0
2010-03-19,21.027089850719936,21.186991674679785,20.595355414009987,20.7712459564209,4052830,0.0,0.0
2010-03-22,20.947139577976067,21.29572439369023,20.22758134819826,20.707286834716797,2826350,0.0,0.0
2010-03-23,20.915158356122976,20.915158356122976,20.451442838297226,20.627334594726562,5099850,0.0,0.0
2010-03-24,20.515403053878117,20.771886186021447,20.30753020942211,20.467432022094727,4089840,0.0,0.0
2010-03-25,20.595355682659903,21.123032196592156,20.405072119280273,21.043081283569336,23115620,0.0,0.0
2010-03-26,20.947138920536748,21.698677004513296,20.879021563398204,21.586746215820312,22841740,0.0,0.0
2010-03-29,21.474818584106227,22.06229732705273,21.474818584106227,21.65070915222168,3533120,0.0,0.0
2010-03-30,21.634717667760473,21.81060821340722,21.171000905801048,21.266942977905273,10709770,0.0,0.0
2010-03-31,21.330907353241006,21.65071107631754,21.28293874670655,21.554771423339844,2056710,0.0,0.0
2010-04-01,21.650704430668036,22.178380899756608,21.506793775420256,22.066450119018555,4446390,0.0,0.0
2010-04-06,21.938526360061903,22.258329958429886,21.69867366128592,22.17837905883789,3484140,0.0,0.0
2010-04-07,21.938527419786716,22.082440509948622,21.778625612878784,21.90654754638672,5627120,0.0,0.0
2010-04-08,21.58674493654226,21.819241335271165,21.075059618620646,21.522785186767578,5859160,0.0,0.0
2010-04-09,21.52279021599428,21.682692067703275,21.330906042016586,21.570758819580078,3924200,0.0,0.0
2010-04-12,21.586747383003804,21.586747383003804,21.12303304481372,21.42684555053711,1370200,0.0,0.0
2010-04-13,21.29892349243164,21.586747277445916,21.12303294152337,21.29892349243164,968130,0.0,0.0
2010-04-14,21.20298401265274,21.586747435543508,21.155012974814305,21.538776397705078,2004490,0.0,0.0
2010-04-15,21.266943718070415,21.698678177748825,21.075062007092047,21.42684555053711,3107320,0.0,0.0
2010-04-16,21.41085542038175,21.698679220636937,21.02709197998047,21.02709197998047,2026970,0.0,0.0
2010-04-19,20.915157331850736,21.28293198451811,20.707284489916308,21.011096954345703,2337790,0.0,0.0
2010-04-20,21.21897262908482,21.4908052556398,21.123032993781585,21.41085433959961,3991510,0.0,0.0
2010-04-21,21.490805202471716,21.778628987485995,21.139021660746856,21.29892349243164,7654540,0.0,0.0
2010-04-22,21.410854796814018,22.114424336936942,21.29892399994921,22.034473419189453,6071890,0.0,0.0
2010-04-23,22.178383768302165,22.786011222209417,21.9385310185947,22.48219871520996,3518510,0.0,0.0
2010-04-26,22.338285339637714,22.817990833430542,22.08244387355986,22.114423751831055,2609110,0.0,0.0
2010-04-27,21.90655050969661,22.05046117941744,21.61872673034668,21.61872673034668,1374080,0.0,0.0
2010-04-28,21.52279082366868,21.634721635043505,21.218975832898497,21.394868850708008,3533540,0.0,0.0
2010-04-29,21.426844324384415,22.386255264282227,21.426844324384415,22.386255264282227,2712350,0.0,0.0
2010-04-30,22.466205472255663,22.578136257089547,22.130410677845887,22.24234390258789,1531810,0.0,0.0
2010-05-04,22.066450119018555,22.066450119018555,22.066450119018555,22.066450119018555,2948170,0.0,0.0
2010-05-05,22.70605663715002,22.77001638410839,21.74664579332678,21.92253875732422,5688470,0.0,0.0
2010-05-06,21.906548669152226,22.54615592956543,21.45882309888137,22.54615592956543,5250130,0.0,0.0
2010-05-07,21.858582238998046,22.290316742697716,20.787240340214844,20.851200103759766,13314630,0.0,0.0
2010-05-10,21.37886846774285,21.938524723128307,21.202977965709152,21.74664306640625,10487230,0.0,0.0
2010-05-11,21.538776239958818,21.698678071643602,21.043082025680977,21.29892349243164,6915160,0.0,0.0
2010-05-12,23.35376948686631,24.729622264047574,23.35376948686631,24.53307342529297,6357410,7.0,0.0
2010-05-13,24.586676184642783,25.12272288000731,24.300783523191907,24.372255325317383,3087010,0.0,0.0
2010-05-14,24.443729013228637,24.550936712729676,23.836207810158513,24.050628662109375,12691700,0.0,0.0
2010-05-17,23.854081262592306,23.907686484881868,23.067880423928273,23.3001651763916,7056030,0.0,0.0
2010-05-18,23.62178884714047,23.76473516788123,23.210819197438642,23.67539405822754,5025330,0.0,0.0
2010-05-19,23.63966061464134,23.63966061464134,22.549697873083915,22.871326446533203,9554250,0.0,0.0
2010-05-20,23.08574449739618,23.08574449739618,22.299543744426867,22.371015548706055,6798410,0.0,0.0
2010-05-21,22.603312538980767,22.603312538980767,21.888583288736314,22.174474716186523,2887940,0.0,0.0
2010-05-24,22.60330856230951,22.710517658336972,22.031525808004634,22.15660285949707,2351940,0.0,0.0
2010-05-25,21.692022040571587,23.15721708007054,21.692022040571587,22.692642211914062,6525520,0.0,0.0
2010-05-26,22.90706127121167,23.478843860182156,22.639037927024777,23.246559143066406,3834670,0.0,0.0
2010-05-27,23.318034617675753,25.533693521409017,23.318034617675753,25.301408767700195,5997960,0.0,0.0
2010-05-28,25.372879793994315,25.92679586600242,24.83683303778317,24.92617416381836,4379330,0.0,0.0
2010-06-01,24.961908151329446,25.569429397583004,24.693884793813794,25.569429397583008,3381880,0.0,0.0
2010-06-02,25.283534737796888,25.712370985516063,25.17632431262991,25.390745162963867,3095040,0.0,0.0
2010-06-03,25.73024467283467,26.06402244839707,25.533693102105026,25.8195858001709,2524020,0.0,0.0
2010-06-04,25.712376251491015,25.980399642826118,25.176329468820807,25.229934692382812,3987990,0.0,0.0
2010-06-07,25.2477983387876,25.962527221830566,24.693882363839577,25.873186111450195,5475370,0.0,0.0
2010-06-08,25.908923609285488,25.908923609285488,24.372255325317383,24.372255325317383,5546020,0.0,0.0
2010-06-09,24.65815100418894,25.462221145629883,24.65815100418894,25.462221145629883,4875740,0.0,0.0
2010-06-10,25.48008654304359,25.748109882305027,25.265665690454924,25.28353500366211,6732440,0.0,0.0
2010-06-11,25.605165971935868,25.605165971935868,24.533072513737363,24.622413635253906,9229870,0.0,0.0
2010-06-14,24.908304566902686,25.33714360291654,24.658150507417343,25.033384323120117,6727540,0.0,0.0
2010-06-15,24.872570170602675,25.426486269951862,24.74034704248798,25.229934692382812,2124850,0.0,0.0
2010-06-16,25.212064012113842,25.515823261054173,24.944040664259227,25.015512466430664,4608860,0.0,0.0
2010-06-17,24.908304772332617,25.06912043459217,24.443732554246193,24.74749183654785,14332070,0.0,0.0
2010-06-18,24.711755217549687,24.90437520261411,24.443731848002454,24.550939559936523,6871190,0.0,0.0
2010-06-21,24.74749002592759,25.033382698044388,24.175707408168584,24.282915115356445,3768760,0.0,0.0
2010-06-22,24.28291566508641,24.300784979926213,23.675397131178112,24.122102737426758,5269220,0.0,0.0
2010-06-23,24.407995416015748,24.425862004380907,23.961289809767106,24.122102737426758,2045790,0.0,0.0
2010-06-24,24.336520796968365,24.533072353611743,23.729002265210973,23.94342041015625,2293550,0.0,0.0
2010-06-25,23.85407609043537,23.94341719938831,23.60392207595684,23.639657974243164,2169020,0.0,0.0
2010-06-28,23.53245602986049,23.80047945326773,23.139355554158257,23.37164306640625,5109450,0.0,0.0
2010-06-29,23.067882494242724,23.067882494242724,22.335284085643572,22.38888931274414,3917160,0.0,0.0
2010-06-30,22.53182974298917,22.62117086121136,22.245938437325616,22.513961791992188,4868360,0.0,0.0
2010-07-01,22.19233294778978,22.78198486608935,22.013650713545942,22.138729095458984,6317040,0.0,0.0
2010-07-02,22.08512306213379,22.56756589467085,21.90644083450611,22.08512306213379,2777590,0.0,0.0
2010-07-05,22.138729004170052,22.26380602233008,21.88857360461274,22.120861053466797,1545210,0.0,0.0
2010-07-06,22.40675062523968,22.71050985346481,22.120859346338882,22.31740951538086,1330200,0.0,0.0
2010-07-07,22.406755216501207,22.406755216501207,21.584817110028062,22.031522750854492,2153830,0.0,0.0
2010-07-08,22.26380737962319,22.585435964838567,22.26380737962319,22.442489624023438,2229940,0.0,0.0
2010-07-09,22.371015365584842,22.531829650371208,21.942179090470894,22.01365089416504,1192050,0.0,0.0
2010-07-12,22.120862054783597,22.192333860831834,21.88857459541488,22.049388885498047,766930,0.0,0.0
2010-07-13,22.138729458324132,22.496093932669197,21.977915172221397,22.371015548706055,1015160,0.0,0.0
2010-07-14,22.567567100185666,22.585435051255462,22.263806479049993,22.371015548706055,1941350,0.0,0.0
2010-07-15,22.3352754614836,22.53182561289725,22.13872531006995,22.29953956604004,960800,0.0,0.0
2010-07-16,22.138729368106443,23.085744403319303,22.138729368106443,22.513961791992188,3045390,0.0,0.0
2010-07-19,22.353145806091213,22.53182802894284,21.42399879255762,21.495471954345703,1827440,0.0,0.0
2010-07-20,21.70989344413978,21.852839789889977,21.406134163467346,21.834970474243164,3326980,0.0,0.0
2010-07-21,21.97791799485528,22.746252258669593,21.692026651309533,22.621173858642578,5235110,0.0,0.0
2010-07-22,22.65690839427407,23.05000877380371,22.460356841271953,23.05000877380371,7832770,0.0,0.0
2010-07-23,23.15721972945315,23.818343481718358,22.90706295395101,23.800474166870117,10167340,0.0,0.0
2010-07-26,24.06850296796062,24.122108198140428,23.55032543799808,23.729007720947266,2058940,0.0,0.0
2010-07-27,24.014890474042375,24.014890474042375,23.425241299840334,23.65752601623535,1324330,0.0,0.0
2010-07-28,23.88981592455853,23.88981592455853,23.28229737417982,23.818344116210938,1573590,0.0,0.0
2010-07-29,23.764738082885742,24.0327614447228,23.657527647561068,23.764738082885742,1133260,0.0,0.0
2010-07-30,23.60392415803844,24.157837446522322,23.210821062790796,23.35376739501953,2041040,0.0,0.0
2010-08-02,23.69326350645634,24.372253762534005,23.30016044054909,24.175704956054688,1348090,0.0,0.0
2010-08-03,23.76473654223928,23.979154672513467,23.729000641605992,23.83620834350586,2566220,0.0,0.0
2010-08-04,23.871946686657292,23.871946686657292,23.40737180452729,23.621789932250977,4566000,0.0,0.0
2010-08-05,23.854078194582836,23.89839158483849,23.03213882912351,23.35376739501953,2158350,0.0,0.0
2010-08-06,23.55031949570957,23.568543251780735,22.62117104087679,22.871326446533203,2897660,0.0,0.0
2010-08-09,23.228692295672495,23.33590273531934,22.9427996075974,23.032140731811523,2551270,0.0,0.0
2010-08-10,22.817718912647965,22.83558822520945,22.210200456197704,22.31740951538086,4572790,0.0,0.0
2010-08-11,22.085122471813772,22.156595633601857,21.459734691833074,21.495471954345703,3537780,0.0,0.0
2010-08-12,21.709894949156354,21.709894949156354,21.281057245414413,21.42400360107422,2747030,0.0,0.0
2010-08-13,21.030900020488236,21.906443307344187,21.030900020488236,21.441869735717773,2487890,0.0,0.0
2010-08-16,21.245322516737406,21.674160244269828,20.977299107434337,21.388267517089844,2524600,0.0,0.0
2010-08-17,21.28105905379032,21.531214515833415,21.013035636580774,21.406137466430664,3585160,0.0,0.0
2010-08-18,21.51334473255223,21.620553817678346,21.15598020664019,21.42400360107422,2567190,0.0,0.0
2010-08-19,21.58481910783547,21.727764108187905,21.245322516737406,21.388267517089844,4177850,0.0,0.0
2010-08-20,21.44187056393685,21.44187056393685,21.084506054537904,21.33466148376465,1037620,0.0,0.0
2010-08-23,21.263190471376767,21.727764108187905,21.263190471376767,21.388267517089844,10569950,0.0,0.0
2010-08-24,21.441873376763567,21.441873376763567,20.977299726247875,21.406137466430664,1652200,0.0,0.0
2010-08-25,21.245316465637217,21.674154071027925,21.013029031773076,21.316789627075195,2216830,0.0,0.0
2010-08-26,20.941556453426458,22.33527836894341,20.941556453426458,22.228069305419922,7975940,0.0,0.0
2010-08-27,22.335279188380348,22.63903844004742,21.799232487859218,22.120861053466797,15233440,0.0,0.0
2010-08-31,22.317410377857623,23.157217660927948,21.852836861285315,23.121479034423828,8941520,0.0,0.0
2010-09-01,23.19295483610161,24.17570713655952,23.157218934107142,24.068496704101562,6563110,0.0,0.0
2010-09-02,24.443735698569792,25.426488208387124,24.233603533363905,24.729625701904297,10642050,0.0,0.0
2010-09-03,24.515199695025586,25.277459190884546,23.67181941033102,24.836828231811523,4622400,0.0,0.0
2010-09-06,24.94404212087734,25.015513927222404,24.55093900655556,24.76535987854004,910960,0.0,0.0
2010-09-07,24.533071608772907,24.74748974720832,24.47946639254541,24.711753845214844,1457760,0.0,0.0
2010-09-08,24.354391428482483,24.818963646568907,24.354391428482483,24.74749183654785,1692450,0.0,0.0
2010-09-09,24.872565338166364,25.28353500366211,24.56880609896495,25.28353500366211,2533550,0.0,0.0
2010-09-10,25.55156358512672,27.39199143760217,25.53369426825343,26.444974899291992,23392110,0.0,0.0
2010-09-13,26.105480894350986,26.409240209880018,25.765982943427293,26.248424530029297,2183590,0.0,0.0
2010-09-14,26.58791925892298,26.58791925892298,26.016136606075392,26.26629066467285,1814200,0.0,0.0
2010-09-15,26.10547956153599,26.266292506701326,25.58729936599501,26.087610244750977,2510330,0.0,0.0
2010-09-16,25.998266304719166,26.427102596475187,25.908925183397105,26.17694854736328,2634230,0.0,0.0
2010-09-17,26.087604442926878,26.570045897603947,26.087604442926878,26.23055076599121,3453640,0.0,0.0
2010-09-20,26.212684450597177,26.4939312166145,26.051871522807332,26.17694854736328,3278070,0.0,0.0
2010-09-21,26.194815316909708,26.409233441953056,26.10547420426878,26.159076690673828,1085270,0.0,0.0
2010-09-22,26.31989572662198,26.31989572662198,25.7659796661603,25.908926010131836,2341950,0.0,0.0
2010-09-23,25.908926966340438,26.641525302185517,25.87319106064735,26.319896697998047,1408340,0.0,0.0
2010-09-24,26.17694808808599,26.8030502627136,25.926794043363063,26.516443252563477,5366320,0.0,0.0
2010-09-27,26.46284222962425,26.83807331752044,26.194818855494937,26.26629066467285,1721340,0.0,0.0
2010-09-28,26.087607426041224,26.516443717797248,25.497955480020703,26.17694854736328,4079070,0.0,0.0
2010-09-29,26.1233462808975,26.641526478998333,25.90892811079283,26.444974899291992,4741130,0.0,0.0
2010-09-30,26.3198912379638,26.712991571989193,26.19481423074767,26.21268081665039,4142190,0.0,0.0
2010-10-01,26.337757856712084,26.73086091770198,26.19481426341497,26.53430938720703,2034540,0.0,0.0
2010-10-04,26.4985801234369,26.820208741831387,26.10547969049917,26.444974899291992,5361730,0.0,0.0
2010-10-05,26.337761368758418,26.83807219143581,26.26628956257935,26.641523361206055,4424780,0.0,0.0
2010-10-06,26.891677938278754,27.26691174428647,26.587918666330676,27.07036018371582,1189990,0.0,0.0
2010-10-07,27.159700212044896,27.338382450282033,26.98101797380776,27.123964309692383,14429100,0.0,0.0
2010-10-08,27.231176376342773,27.302650918965142,27.05249410949938,27.231176376342773,1799410,0.0,0.0
2010-10-11,27.088232040405273,27.481332471954566,26.838075237437575,27.088232040405273,1863110,0.0,0.0
2010-10-12,27.19543438640999,27.19543438640999,26.802334032560648,27.159698486328125,4652110,0.0,0.0
2010-10-13,28.651571383779096,29.49313838407987,28.63244366712143,29.263620376586914,5322740,5.0,0.0
2010-10-14,29.26362483511671,29.35925759601578,29.072359313318557,29.225372314453125,1755830,0.0,0.0
2010-10-15,29.435754134217337,29.607894805197432,29.07235091516948,29.359249114990234,684060,0.0,0.0
2010-10-18,29.129738476516174,29.419695315796726,28.99585319990377,29.20624351501465,499230,0.0,0.0
2010-10-19,29.43575815258668,29.531390898915394,29.07235488392948,29.263620376586914,4273400,0.0,0.0
2010-10-20,29.110603424783033,29.454881848263817,28.708947696121626,29.359249114990234,2101290,0.0,0.0
2010-10-21,29.18711854214554,29.703534845158785,29.16799082339389,29.550521850585938,5681600,0.0,0.0
2010-10-22,29.62702104678827,30.02867971353308,29.62702104678827,29.894794464111328,1367220,0.0,0.0
2010-10-25,29.87567162670579,30.181697605471953,29.45488809476233,30.028684616088867,1438310,0.0,0.0
2010-10-26,29.837413242885045,30.468589875949657,29.837413242885045,30.124311447143555,1676650,0.0,0.0
2010-10-27,29.990438252716558,30.028690778292145,29.569654634423877,29.837425231933594,2621520,0.0,0.0
2010-10-28,30.028682673418963,31.750072126035338,30.028682673418963,30.985010147094727,4668210,0.0,0.0
2010-10-29,30.85112155359516,30.85112155359516,30.181692394297905,30.449462890625,3288490,0.0,0.0
2010-11-01,30.5068423861549,30.79374059041341,30.06693122259596,30.124311447143555,744520,0.0,0.0
2010-11-02,29.62702337280845,30.506845798334133,29.225367593009157,30.06693458557129,5874030,0.0,0.0
2010-11-03,30.219951602275124,30.353836880108158,29.569650013668866,29.97130584716797,1692180,0.0,0.0
2010-11-04,30.43034549122981,30.43034549122981,29.74178844975968,29.933053970336914,580540,0.0,0.0
2010-11-05,30.08606110060162,30.430339554166785,29.72265493131852,30.277326583862305,1719420,0.0,0.0
2010-11-08,30.219946354167167,30.621605036392896,29.99042835795803,30.3920841217041,1121740,0.0,0.0
2010-11-09,30.449468148032327,30.48772066575809,30.009556897985973,30.028684616088867,881490,0.0,0.0
2010-11-10,30.14344637772072,30.41121693174021,29.878352070001355,29.952180862426758,4788870,0.0,0.0
2010-11-11,29.875675191551903,29.875675191551903,28.982083196061733,29.627029418945312,1917890,0.0,0.0
2010-11-12,29.321004888185815,30.08606697049475,28.842841086742734,29.933053970336914,984810,0.0,0.0
2010-11-15,29.89480291193717,30.047815919578177,29.3783865648191,29.627029418945312,21462080,0.0,0.0
2010-11-16,29.60789181803687,30.047802930408302,28.88108253479004,28.88108253479004,1639500,0.0,0.0
2010-11-17,28.40292106416482,29.397500881368998,28.40292106416482,29.03409767150879,9331900,0.0,0.0
2010-11-18,30.23907320165792,30.23907320165792,29.01497239288957,29.454883575439453,2054880,0.0,0.0
2010-11-19,29.32100271967633,29.45488799048252,29.03410446002877,29.16798973083496,561750,0.0,0.0
2010-11-22,29.454885039829325,30.16256675903837,29.148859092802844,29.282747268676758,1541130,0.0,0.0
2010-11-23,30.04780528523028,30.506841227213542,28.613314318433407,28.6898193359375,800570,0.0,0.0
2010-11-24,28.651576133916272,28.651576133916272,28.039527039637,28.173412322998047,1917220,0.0,0.0
2010-11-25,28.096896483008624,29.014971326213857,28.001263747643065,28.728073120117188,1088470,0.0,0.0
2010-11-26,28.670691622321804,28.95758981568118,28.230783393954237,28.6898193359375,1010050,0.0,0.0
2010-11-29,28.95758981568118,29.359248453776043,28.6898193359375,28.6898193359375,1660220,0.0,0.0
2010-11-30,28.995845242912573,29.110602769168715,28.49855387369792,28.6898193359375,1500580,0.0,0.0
2010-12-01,28.747204512241872,29.187115734897628,28.61331924929791,29.072355270385742,1459140,0.0,0.0
2010-12-02,29.493139814302427,29.493139814302427,28.842838275123754,28.957595825195312,3335880,0.0,0.0
2010-12-03,29.072350180155233,29.51226132578766,28.555934017229923,29.03409767150879,2885070,0.0,0.0
2010-12-06,29.20623541965745,29.20623541965745,28.842832209797244,29.03409767150879,2460400,0.0,0.0
2010-12-07,29.26362522810589,29.26362522810589,28.99585466138462,29.14886474609375,6608760,0.0,0.0
2010-12-08,28.90022252728096,29.148865379577124,28.785462042774768,28.861967086791992,1399840,0.0,0.0
2010-12-09,28.82370522059959,28.95759046346646,28.422049491998976,28.766324996948242,563840,0.0,0.0
2010-12-10,28.632447395297124,29.072358669385174,28.517689835848188,28.90022087097168,834620,0.0,0.0
2010-12-13,29.07235759976544,29.474016339259496,29.034105081356504,29.244495391845703,1788780,0.0,0.0
2010-12-14,29.37837855172625,29.64614905320205,29.09148033508236,29.454883575439453,952040,0.0,0.0
2010-12-15,29.47401057834712,29.569643314917382,28.383795046662502,28.42205047607422,1662400,0.0,0.0
2010-12-16,28.766324996948242,28.919337953858697,28.173403801829412,28.766324996948242,928600,0.0,0.0
2010-12-17,28.957589954406203,30.315575910204586,28.747199696022367,30.239070892333984,3133800,0.0,0.0
2010-12-20,30.200818707981348,30.73636264602209,29.971300711243796,30.640729904174805,1674190,0.0,0.0
2010-12-21,30.105187030206263,30.736363732403326,30.105187030206263,30.65985870361328,594650,0.0,0.0
2010-12-22,30.71723243809469,30.71723243809469,30.1625608819945,30.334701538085938,720850,0.0,0.0
2010-12-23,29.913919896480994,30.334706287150365,29.78003464421329,29.856542587280273,911100,0.0,0.0
2010-12-24,30.258202412518134,30.277330130476642,29.760913848876953,29.760913848876953,45820,0.0,0.0
2010-12-29,29.703530110792432,30.102891949223054,29.43575668334961,29.43575668334961,522060,0.0,0.0
2010-12-30,29.741786591914718,30.181697845458984,29.454888328970203,30.181697845458984,557750,0.0,0.0
2010-12-31,30.296454278658754,30.430342464530057,29.799165725708008,29.799165725708008,123790,0.0,0.0
2011-01-04,30.430340128860248,31.367539847145263,29.799163438483944,31.061513900756836,3896140,0.0,0.0
2011-01-05,30.908500679947764,31.19539888086877,30.81286794630743,31.023258209228516,1151030,0.0,0.0
2011-01-06,30.965882430229275,31.17627564182988,30.774616935494123,30.985010147094727,2821840,0.0,0.0
2011-01-07,30.88937505113393,31.015610968496272,30.621604546255885,30.927627563476562,1751110,0.0,0.0
2011-01-10,30.525966988090314,30.602472000700402,30.02867565068727,30.334701538085938,847530,0.0,0.0
2011-01-11,30.602478472780863,30.793743963235745,30.18169497747608,30.65985870361328,1255170,0.0,0.0
2011-01-12,30.736364113209508,31.17627533040194,30.44946587397268,30.583351135253906,1140460,0.0,0.0
2011-01-13,30.487724115366124,30.487724115366124,29.512271669829076,29.6079044342041,970980,0.0,0.0
2011-01-14,29.760911683133113,30.162567464712698,29.512265960166825,29.72265625,1564490,0.0,0.0
2011-01-17,29.952174985014032,29.952174985014032,29.320998324701556,29.454883575439453,422900,0.0,0.0
2011-01-18,29.607898692226815,30.985009648462523,29.607898692226815,30.564226150512695,8280430,0.0,0.0
2011-01-19,30.602480774452978,30.602480774452978,30.315582517192478,30.468595504760742,9593740,0.0,0.0
2011-01-20,30.602481418516824,30.602481418516824,30.124317646352498,30.430343627929688,3078430,0.0,0.0
2011-01-21,30.02868461608887,30.46859586613522,30.02868461608887,30.028684616088867,6708650,0.0,0.0
2011-01-24,29.971311549272034,30.411222904543333,29.971311549272034,30.21995735168457,1130500,0.0,0.0
2011-01-25,30.52597680482795,30.75549483494724,30.02600614277544,30.602481842041016,12093570,0.0,0.0
2011-01-26,30.506845722256646,30.946756933922444,30.392085260611733,30.774616241455078,3692090,0.0,0.0
2011-01-27,30.774617319699516,32.26648878095493,30.545099306847884,32.11347579956055,2341270,0.0,0.0
2011-01-28,32.30474382788085,32.30474382788085,31.616189735375173,31.826580047607422,890070,0.0,0.0
2011-01-31,31.94133885290226,32.094351838288794,30.774618122619835,31.979591369628906,2390170,0.0,0.0
2011-02-01,31.92221207579132,32.709845631395616,31.29103823500612,32.70640182495117,1593950,0.0,0.0
2011-02-02,32.5916355505169,33.16543197160684,32.5916355505169,33.05067443847656,1639340,0.0,0.0
2011-02-03,32.76378242940894,33.24194620415665,32.170858181329756,32.2664909362793,1661290,0.0,0.0
2011-02-04,32.20910739768073,32.62989381110564,32.13260236895608,32.572513580322266,453130,0.0,0.0
2011-02-07,32.57250933829649,33.968747819282946,31.960460432769107,33.81573486328125,1225150,0.0,0.0
2011-02-08,33.54796655203739,34.2173957824707,33.54796655203739,34.2173957824707,995860,0.0,0.0
2011-02-09,34.00700727291437,35.00158731230013,33.95345316514991,34.81032180786133,3714300,0.0,0.0
2011-02-10,34.599918004371744,34.92507159726446,34.44690798239763,34.67642593383789,4253890,0.0,0.0
2011-02-11,34.38953867738935,34.65730921929195,34.083512699374936,34.619056701660156,4152750,0.0,0.0
2011-02-14,33.98788162443885,35.34586795602764,33.98788162443885,35.078094482421875,2504090,0.0,0.0
2011-02-15,35.173715880924945,35.26934860808187,33.91136563354108,34.2747688293457,12883960,0.0,0.0
2011-02-16,34.10263614903107,34.523419627274215,34.10263614903107,34.19826889038086,1926980,0.0,0.0
2011-02-17,34.44691671054599,34.71468723532738,34.14089075209883,34.2173957824707,1157970,0.0,0.0
2011-02-18,34.12176431126042,34.459540424454325,34.045259278027615,34.140892028808594,855760,0.0,0.0
2011-02-21,34.33214975459785,34.56166772079346,33.79660588782192,33.89223861694336,1364490,0.0,0.0
2011-02-22,34.16001531882877,34.16001531882877,33.37582569667271,33.471458435058594,822840,0.0,0.0
2011-02-23,33.18456141070537,33.299321868278355,32.7446502146485,33.26106643676758,979310,0.0,0.0
2011-02-24,33.52883887925173,33.52883887925173,32.50097663610858,32.782901763916016,1675750,0.0,0.0
2011-02-25,33.33757261902629,34.752935955716204,33.32150638929373,34.351280212402344,3007940,0.0,0.0
2011-02-28,34.35127884461518,34.54254431052399,34.06438064575195,34.06438064575195,3947580,0.0,0.0
2011-03-01,34.408663877180594,34.5425520681692,34.007008059654936,34.427791595458984,12348140,0.0,0.0
2011-03-02,34.638188259093944,36.22568980537607,34.42779501107855,35.72840118408203,6495600,0.0,0.0
2011-03-03,35.63276136871872,36.55083630436373,35.44149587872933,36.51258087158203,10939490,0.0,0.0
2011-03-04,36.6464665739753,37.06725003983306,36.36071532084136,36.68471908569336,1300070,0.0,0.0
2011-03-07,36.45521075589144,36.94293551686096,36.09180450208473,36.703853607177734,3995670,0.0,0.0
2011-03-08,36.34044441303862,37.239391664823074,36.34044441303862,36.79948043823242,1411950,0.0,0.0
2011-03-09,36.72296905517578,36.93336223277947,36.41694314565757,36.72296905517578,2215010,0.0,0.0
2011-03-10,36.321316695955595,37.14375891636771,36.12546334868562,36.79948043823242,1605920,0.0,0.0
2011-03-11,37.00988219068458,37.90882964986298,36.646478830106254,36.914249420166016,6055960,0.0,0.0
2011-03-14,36.60820916126857,37.201133275467264,36.05354047519578,37.14375305175781,5271300,0.0,0.0
2011-03-15,36.49346667193064,37.02901078312706,36.35958137375169,36.780364990234375,5827760,0.0,0.0
2011-03-16,37.25851909852378,37.985328564952525,36.78035535988379,37.488037109375,2880970,0.0,0.0
2011-03-17,37.488037895910516,37.488037895910516,36.91424139750372,37.105506896972656,6635440,0.0,0.0
2011-03-18,37.06725360306778,37.985328564952525,37.06725360306778,37.488037109375,2419050,0.0,0.0
2011-03-21,37.64104997814925,37.90882050360403,36.56996203937043,36.990745544433594,1248100,0.0,0.0
2011-03-22,36.895111851560806,37.02900002933719,36.47432835728011,36.51258087158203,2014990,0.0,0.0
2011-03-23,36.28307340444899,36.93337801035915,36.110935580859,36.780364990234375,1347170,0.0,0.0
2011-03-24,36.64646494691965,37.20113363840382,36.45519947834173,36.95248794555664,1481660,0.0,0.0
2011-03-25,37.25852885407392,37.25852885407392,36.51259147539586,36.780364990234375,1555190,0.0,0.0
2011-03-28,36.60822299589155,36.95250154977527,36.474337702292466,36.493465423583984,972010,0.0,0.0
2011-03-29,36.68472456658187,36.914242589660965,36.53171157836914,36.53171157836914,1496420,0.0,0.0
2011-03-30,36.722976254258846,37.04812702281411,36.51258303541018,36.550838470458984,2644650,0.0,0.0
2011-03-31,36.53171581469084,36.7612338643855,36.283070044821486,36.340450286865234,1334890,0.0,0.0
2011-04-01,36.39782718388979,36.7421056860322,36.206561673641794,36.6464729309082,2814230,0.0,0.0
2011-04-04,36.62734350359671,36.81860900492098,36.47433051884131,36.550838470458984,2820540,0.0,0.0
2011-04-05,36.47432835728011,36.72297407796226,36.30219058368157,36.51258087158203,3633130,0.0,0.0
2011-04-06,36.64647204914869,36.81860983683801,36.397826308113004,36.53171157836914,2399600,0.0,0.0
2011-04-07,36.60821361657673,36.627341332967575,36.340443097983496,36.51258087158203,1444640,0.0,0.0
2011-04-08,36.49345307892112,36.60821061240958,36.34044011579031,36.378692626953125,1249020,0.0,0.0
2011-04-11,36.53170769581101,36.799478207864865,36.09983107048426,36.28306198120117,831190,0.0,0.0
2011-04-12,36.283072642216226,36.321325166823655,35.63277096844818,35.69015121459961,729160,0.0,0.0
2011-04-13,35.65189027314153,36.18743429049364,35.21198193027955,35.957916259765625,1303670,0.0,0.0
2011-04-14,36.03442707894931,38.763022548669085,36.03442707894931,38.444374084472656,21013040,0.0,0.0
2011-04-15,38.4826266093183,38.941665662907816,38.25310854176384,38.444374084472656,4450090,0.0,0.0
2011-04-18,38.36785290038363,38.673875888941026,37.87056153106877,38.32959747314453,780600,0.0,0.0
2011-04-19,38.44436402633467,39.01816050433966,38.32960356334174,38.97990798950195,2739050,0.0,0.0
2011-04-20,38.865141397055524,40.235367450606034,38.865141397055524,39.63020324707031,1077030,0.0,0.0
2011-04-21,39.78321710928781,39.89797755680252,39.40068617554466,39.744964599609375,1898980,0.0,0.0
2011-04-26,39.32418869176468,40.050995270368915,39.32418869176468,39.8597297668457,666860,0.0,0.0
2011-04-27,39.974496654753146,39.974496654753146,39.28593956412121,39.70672607421875,2066510,0.0,0.0
2011-04-28,39.78322442972435,40.54828643798828,39.74497191300715,40.54828643798828,1867190,0.0,0.0
2011-05-03,40.5865360254103,42.078407417546536,40.5865360254103,40.777801513671875,3612110,0.0,0.0
2011-05-04,39.78321710928781,40.050987595516254,39.17116819899465,39.744964599609375,3813110,0.0,0.0
2011-05-05,39.93623006648095,40.28050849054567,39.47719119490152,39.744964599609375,1403170,0.0,0.0
2011-05-06,39.59195340064264,41.504608154296875,39.59195340064264,41.504608154296875,4165550,0.0,0.0
2011-05-09,41.23684231829068,42.84347132560907,41.23684231829068,41.734130859375,1407480,0.0,0.0
2011-05-10,42.001899557638794,42.26967005575857,41.2368376561771,41.504608154296875,1973080,0.0,0.0
2011-05-11,45.09194255819458,45.09194255819458,44.21596649987823,44.507957458496094,1431200,9.0,0.0
2011-05-12,44.42453805104374,45.46736758275838,44.25768468947676,45.300514221191406,926710,0.0,0.0
2011-05-13,45.31719518860253,45.59250368408337,43.965689146371375,44.04911422729492,938110,0.0,0.0
2011-05-16,44.0908286113308,44.59138866519061,43.590271739933975,44.34111022949219,559700,0.0,0.0
2011-05-17,44.132547092250064,44.5079631780124,43.2148551940918,43.2148551940918,662900,0.0,0.0
2011-05-18,43.59027065827033,43.71541146424573,42.881147910977404,43.46512985229492,583700,0.0,0.0
2011-05-19,43.548554082610295,44.79994929657919,43.548554082610295,44.674808502197266,724480,0.0,0.0
2011-05-20,44.84166757776103,46.385053933033646,44.674814224700015,45.46736526489258,2720120,0.0,0.0
2011-05-23,45.0085220051249,45.34222553674905,44.42453684670378,44.758243560791016,1161570,0.0,0.0
2011-05-24,44.925094170740344,46.13477704295074,44.71652826803038,45.884498596191406,1555720,0.0,0.0
2011-05-25,45.383934433536545,46.00963204144856,44.758236825624536,44.925086975097656,968630,0.0,0.0
2011-05-26,45.217081101600826,45.217081101600826,44.658539819586835,44.925086975097656,336290,0.0,0.0
2011-05-27,45.13365743486435,46.00963672100552,45.091944893253554,45.67593002319336,619080,0.0,0.0
2011-05-31,45.46736450516846,46.25991553211812,45.38393942126343,46.05134963989258,1540090,0.0,0.0
2011-06-01,46.25991903661759,46.4684849446434,45.75935894787773,45.926212310791016,2026510,0.0,0.0
2011-06-02,46.05135192847199,46.05135192847199,45.258800862135516,45.634220123291016,628600,0.0,0.0
2011-06-03,45.63422094432536,45.88449939544424,45.050235770072526,45.300514221191406,627410,0.0,0.0
2011-06-06,44.966811344008136,45.967925163255146,44.79995797997923,45.80107498168945,1075900,0.0,0.0
2011-06-07,45.59251107109309,46.051355455441396,45.258804328405226,45.50908279418945,1756140,0.0,0.0
2011-06-08,45.884494686561624,45.884494686561624,45.21708449124966,45.38393783569336,2427820,0.0,0.0
2011-06-09,45.509082794189446,45.84278953687732,45.509082794189446,45.50908279418945,274710,0.0,0.0
2011-06-10,45.25880580290759,45.80107848182643,45.217093254328475,45.4256591796875,582570,0.0,0.0
2011-06-13,45.42564930683628,46.00963440741038,45.13365516531783,45.84278106689453,752030,0.0,0.0
2011-06-14,46.093055294803364,46.093055294803364,45.09193852521106,45.71763610839844,901360,0.0,0.0
2011-06-15,45.50908079902306,45.8845000724723,45.46736825363164,45.80107498168945,806480,0.0,0.0
2011-06-16,45.38393984589953,45.88449671893913,44.42453545970016,45.34222412109375,2134170,0.0,0.0
2011-06-17,45.467361191554595,46.67704391479492,45.425648652642046,46.67704391479492,3941860,0.0,0.0
2011-06-20,46.00963634840903,46.71875909743856,45.84278300085417,46.63533401489258,1385340,0.0,0.0
2011-06-21,46.34332645339554,46.426754694267665,45.92619479642085,46.093048095703125,1388760,0.0,0.0
2011-06-22,46.301626250360776,47.6364466350437,46.301626250360776,47.09417724609375,4007780,0.0,0.0
2011-06-23,46.760474318101274,47.46960029022685,46.71876177443814,46.843902587890625,6198230,0.0,0.0
2011-06-24,47.511307480568064,47.511307480568064,46.5519031721012,46.92732238769531,659740,0.0,0.0
2011-06-27,47.05247150800136,47.88673516465058,47.05247150800136,47.67816925048828,1242250,0.0,0.0
2011-06-28,47.51131327382173,47.970157623291016,47.386172459210506,47.970157623291016,988870,0.0,0.0
2011-06-29,47.97015654707324,49.13812684903067,47.84501573526957,48.67927932739258,1142310,0.0,0.0
2011-06-30,48.9295628509694,50.68151518947205,48.63756867291018,49.722110748291016,1339390,0.0,0.0
2011-07-01,50.63980685492346,51.307217173533644,49.72211488217894,50.34781265258789,1491490,0.0,0.0
2011-07-04,50.34779899134185,50.76993673871764,49.88895472070296,50.764930725097656,744240,0.0,0.0
2011-07-05,50.389525597463944,51.974624618722906,50.389525597463944,51.72434616088867,1943890,0.0,0.0
2011-07-06,51.68262376576499,52.141468048095696,50.84836027699546,52.1414680480957,1174560,0.0,0.0
2011-07-07,51.974624618722906,52.558609808644945,51.39063942880087,51.72434616088867,804060,0.0,0.0
2011-07-08,52.016337164618065,52.35004389670588,51.3489268829057,51.72434616088867,729330,0.0,0.0
2011-07-11,51.59921272957593,51.59921272957593,50.2643919750093,50.59809875488281,1060700,0.0,0.0
2011-07-12,50.18095749107788,50.5563735701804,49.17984052105722,50.306095123291016,1701680,0.0,0.0
2011-07-13,50.556364663886576,51.974613189697266,50.05580785828871,51.974613189697266,1871850,0.0,0.0
2011-07-14,51.932908174771775,52.02467767833092,48.604195069791835,51.223785400390625,1219660,0.0,0.0
2011-07-15,51.22378237089753,51.30720745149206,50.51465645599271,50.89007568359375,1797890,0.0,0.0
2011-07-18,50.764935577880536,50.890076382954916,50.01410029482286,50.05581283569336,879050,0.0,0.0
2011-07-19,50.68150186442527,50.76492693195791,49.30496597290039,49.30496597290039,1248860,0.0,0.0
2011-07-20,49.38839956943227,50.26437560320303,49.09640543653357,49.471824645996094,1995230,0.0,0.0
2011-07-21,49.72209795068697,50.180945372043084,49.01297532534773,49.17982864379883,1002620,0.0,0.0
2011-07-22,49.26326067319385,51.18206615037239,48.8461289093523,50.01409912109375,1099300,0.0,0.0
2011-07-25,50.01409883124574,50.72322155268164,49.51353880805911,50.13923645019531,1737590,0.0,0.0
2011-07-26,49.93066712022523,50.639792975136835,49.555251106847834,50.264373779296875,661440,0.0,0.0
2011-07-27,50.13923674076853,50.93178772856003,49.93067085884776,50.01409912109375,1039430,0.0,0.0
2011-07-28,49.59696783960156,51.015216486948376,49.17983607170325,50.89007568359375,714510,0.0,0.0
2011-07-29,50.3060928898973,51.49909005565085,50.01410191190013,50.97350311279297,1125780,0.0,0.0
2011-08-01,50.30608478083762,52.05803991380421,50.097518920898445,50.09751892089844,1296010,0.0,0.0
2011-08-02,50.43122986937135,50.932620508152326,49.80553223620908,50.72322082519531,1345460,0.0,0.0
2011-08-03,50.890084469197035,53.39287550866574,49.30498220454817,50.43124008178711,1906940,0.0,0.0
2011-08-04,51.01521280808875,51.34891628886535,48.470706661430754,49.430110931396484,1135440,0.0,0.0
2011-08-05,47.92844510639904,48.22043609737319,41.3794738481176,46.1347770690918,5873450,0.0,0.0
2011-08-08,46.009631834509186,47.21931132506151,44.13253901921582,44.174251556396484,3539890,0.0,0.0
2011-08-09,44.174263319089526,45.759362431272166,41.15005742250004,45.05023956298828,5107250,0.0,0.0
2011-08-10,45.75935463776741,46.885612344501595,44.50795930748247,44.79995346069336,1604300,0.0,0.0
2011-08-11,46.05135110418602,46.8439021563364,43.33999441904103,44.132545471191406,1918840,0.0,0.0
2011-08-12,44.1325384254605,48.65800016902407,44.00739763313954,46.969032287597656,1340490,0.0,0.0
2011-08-15,47.09417607076268,47.761586246447564,46.0096341374669,47.05246353149414,747520,0.0,0.0
2011-08-16,46.593610834148485,47.63644011138961,46.05134151946054,47.13588333129883,1592940,0.0,0.0
2011-08-17,46.385063462189805,47.34446805253951,46.20236140581401,46.76048278808594,1638590,0.0,0.0
2011-08-18,46.55190805263195,46.55190805263195,44.34111143117466,44.63310241699219,1546900,0.0,0.0
2011-08-19,44.59139220962687,46.09306612564389,42.83943665555432,44.716529846191406,3729940,0.0,0.0
2011-08-22,45.0085224413022,46.46848376027192,44.26394064104534,45.884498596191406,812270,0.0,0.0
2011-08-23,46.051335680980145,46.67703316799764,45.25878489426558,46.343326568603516,1117790,0.0,0.0
2011-08-24,46.42676600213357,48.17871811515407,46.42676600213357,47.55302047729492,798880,0.0,0.0
2011-08-25,47.594730054111416,51.22377803728092,47.594730054111416,50.264373779296875,2283300,0.0,0.0
2011-08-26,50.34781296887618,50.80666054936266,49.263270796513524,50.22267532348633,922460,0.0,0.0
2011-08-30,50.389526259282285,52.93402978186588,50.389526259282285,52.7254638671875,2183300,0.0,0.0
2011-08-31,52.60031437949223,54.27426752105805,52.60031437949223,54.26884460449219,1483300,0.0,0.0
2011-09-01,54.43570180215993,54.93625870666578,53.601438173008056,54.519126892089844,1349550,0.0,0.0
2011-09-02,54.39397363765265,54.70390729144146,52.39174329497224,53.26771926879883,1240880,0.0,0.0
2011-09-05,52.85058034180858,52.85058034180858,51.01520357361016,52.183170318603516,582730,0.0,0.0
2011-09-06,52.350035249694315,52.72545446566674,50.30608901381132,50.47294235229492,1047020,0.0,0.0
2011-09-07,51.64091496165814,52.89231028529319,50.93178903545389,51.89119338989258,2859810,0.0,0.0
2011-09-08,52.09976988019069,54.18542599491283,51.515784640486004,53.22602462768555,910700,0.0,0.0
2011-09-09,52.9757376561929,52.9757376561929,51.22378540039062,51.223785400390625,1023350,0.0,0.0
2011-09-12,50.639796920001594,52.18318317789772,49.930671009848744,51.84947967529297,943010,0.0,0.0
2011-09-13,52.60031078792587,52.60031078792587,51.34891559146865,51.974613189697266,772070,0.0,0.0
2011-09-14,52.016333725764895,54.06028334659606,51.55748938632627,52.350040435791016,1749570,0.0,0.0
2011-09-15,52.47516439169837,53.476277835274956,52.14145778886483,52.183170318603516,1386270,0.0,0.0
2011-09-16,52.767167532395334,53.76828120838361,51.34891891479492,51.34891891479492,5864840,0.0,0.0
2011-09-19,52.099762324051575,53.22601690820333,51.01146497688371,52.475181579589844,2161210,0.0,0.0
2011-09-20,52.01633533307635,53.81000338558098,51.43235334618009,53.768287658691406,1361120,0.0,0.0
2011-09-21,53.55970818655825,54.56082809397152,52.93401381373404,53.30943298339844,1606350,0.0,0.0
2011-09-22,52.433462787323364,52.55860359267202,51.59919923823333,51.89119338989258,1584150,0.0,0.0
2011-09-23,52.558609808644945,53.10088245267182,50.80665742134208,51.72434616088867,2639370,0.0,0.0
2011-09-26,50.848366150586415,51.932908174771775,50.72322533983067,51.223785400390625,2378520,0.0,0.0
2011-09-27,52.47516904242793,53.809989207139495,51.22377394458748,53.55970764160156,3368820,0.0,0.0
2011-09-28,53.35115550032697,53.7682840994421,52.934023718748904,53.39286804199219,2153700,0.0,0.0
2011-09-29,52.97573153686523,53.43457900165859,52.099755510149755,52.1414680480957,716810,0.0,0.0
2011-09-30,52.18319064295619,52.18319064295619,49.88896560668945,49.88896560668945,2746500,0.0,0.0
2011-10-03,49.34669009350619,50.222666181638246,48.05357904928048,50.05581283569336,4476650,0.0,0.0
2011-10-04,49.847243793940144,49.9723845910941,48.55413601402084,49.2215461730957,3427170,0.0,0.0
2011-10-05,49.80552509775508,49.80552509775508,48.13699831513322,49.38839340209961,4847320,0.0,0.0
2011-10-06,49.80552617199395,50.97349303554338,49.12351494379775,50.63978958129883,2250350,0.0,0.0
2011-10-07,50.80665476916921,51.68263091709355,50.472948054501316,51.265499114990234,2431870,0.0,0.0
2011-10-10,51.64091509310772,53.14258884879965,51.22378331750092,52.64202880859375,954050,0.0,0.0
2011-10-11,52.22489133081308,53.30943637494505,51.72433452772335,52.934017181396484,694480,0.0,0.0
2011-10-12,55.18558969756513,56.333449289622266,54.69995718187877,55.80366897583008,1156360,7.0,0.0
2011-10-13,55.84781491868433,56.73078432451333,55.538776973948565,56.20100402832031,1541960,0.0,0.0
2011-10-14,56.46590024771647,56.99568396913361,55.627078548335334,56.55419921875,1406440,0.0,0.0
2011-10-17,56.421755813343,56.99568737039605,54.081885149371686,55.0973014831543,2313640,0.0,0.0
2011-10-18,54.92069859215839,56.68663406372071,54.43506608485917,56.6866340637207,847300,0.0,0.0
2011-10-19,56.7749524434818,57.21643727823197,55.89197940571947,56.64250564575195,925790,0.0,0.0
2011-10-20,55.847820923527145,56.95153279948618,55.67122634972143,56.55419921875,1145360,0.0,0.0
2011-10-21,56.99568006080559,57.746202737688094,56.465896375716966,57.304718017578125,1289200,0.0,0.0
2011-10-24,57.48130929677906,59.777028497471804,57.48130929677906,59.644588470458984,1310740,0.0,0.0
2011-10-25,59.468002821160496,60.21852565415563,58.62918437308186,59.33555603027344,1178440,0.0,0.0
2011-10-26,59.07065535194554,60.04192036346184,58.18768593483581,59.203102111816406,1131800,0.0,0.0
2011-10-27,59.60043935633417,60.21851529208717,58.9382122523749,59.15895462036133,990910,0.0,0.0
2011-10-28,59.42384541546926,59.953625726894636,58.09939126864473,58.938209533691406,1185830,0.0,0.0
2011-10-31,58.364280791563814,59.29140143240293,57.260568950813656,57.6137580871582,1448590,0.0,0.0
2011-11-01,56.64248963463836,58.14353495387938,55.80366801207006,56.6866340637207,1908370,0.0,0.0
2011-11-02,56.421756060426645,58.09939956665038,56.421756060426645,58.09939956665039,1308860,0.0,0.0
2011-11-03,57.61375341707302,59.60043456938589,57.61375341707302,59.42384338378906,1360770,0.0,0.0
2011-11-04,60.218518071375435,61.05734315035193,59.026510576538065,60.96904754638672,1222840,0.0,0.0
2011-11-07,60.88073575962809,62.11689423290679,58.69980706033731,61.98444747924805,1501060,0.0,0.0
2011-11-08,61.80786735777709,62.87140265211656,61.56195732468423,62.16105651855469,1137840,0.0,0.0
2011-11-09,62.73498403032984,62.73498403032984,61.18978744570617,61.322227478027344,3166760,0.0,0.0
2011-11-10,60.262668745890686,60.52756229213006,59.033132092807975,60.306819915771484,4036060,0.0,0.0
2011-11-11,60.79245699363708,62.02861580902196,60.30682774451975,61.71957778930664,5460320,0.0,0.0
2011-11-14,62.337638891358374,62.337638891358374,61.43039105767609,61.58711624145508,1039360,0.0,0.0
2011-11-15,61.454675599710775,61.58712237147007,60.975668420385354,60.39511489868164,1504270,0.0,0.0
2011-11-16,60.35097360275377,60.35097360275377,58.99340912729751,59.11481475830078,2126420,0.0,0.0
2011-11-17,59.24724401211642,59.24724401211642,56.52107470583723,56.510040283203125,4012220,0.0,0.0
2011-11-18,55.80367763076329,55.90212854943048,54.0818862915039,54.081886291503906,2901960,0.0,0.0
2011-11-21,53.55209613744518,53.596243934353694,52.568466246288146,52.97816467285156,3544820,0.0,0.0
2011-11-22,53.37550766522167,53.659822608518446,52.93402290929471,53.33135986328125,2550870,0.0,0.0
2011-11-23,53.19890806176486,53.51324428905827,53.055426876952495,53.5079460144043,11992070,0.0,0.0
2011-11-24,53.33136799789799,53.848786917353756,52.93403098330576,53.19892120361328,1010050,0.0,0.0
2011-11-25,53.154773394939006,54.126038658820555,52.647065174530155,53.19892120361328,1303950,0.0,0.0
2011-11-28,53.375512911966304,55.00900532216171,53.28544896200648,53.72869873046875,1593600,0.0,0.0
2011-11-29,53.552097213004565,55.27388490484444,53.2430558919161,55.05314254760742,1532750,0.0,0.0
2011-11-30,54.4350727769865,56.59834542710923,53.99358801275551,56.11271286010742,2231860,0.0,0.0
2011-12-01,56.421740236493356,56.7307781475806,55.67121430230051,55.847808837890625,1693520,0.0,0.0
2011-12-02,55.98027593017387,56.77494994505876,55.936124754032164,56.33346176147461,1052380,0.0,0.0
2011-12-05,56.81909230949413,58.40844028121675,55.759531486027996,56.02442169189453,1483220,0.0,0.0
2011-12-06,55.8478158554358,56.02441041321586,55.008994232176256,55.93611145019531,1271360,0.0,0.0
2011-12-07,56.11272041161106,56.774951015340264,54.69997032325222,55.40634536743164,1066860,0.0,0.0
2011-12-08,55.93611722864121,55.93611722864121,53.28720869307945,53.33135986328125,3833270,0.0,0.0
2011-12-09,53.11061246622818,54.56751000214975,51.87445391914831,53.5079460144043,2833990,0.0,0.0
2011-12-12,53.640394424924246,53.640394424924246,52.139345676829684,52.40423583984375,892140,0.0,0.0
2011-12-13,52.360085411349424,53.06646026666858,51.742006149847285,52.97816467285156,1544310,0.0,0.0
2011-12-14,52.88987702434878,53.022320434970446,51.874460701608434,52.13935089111328,1466250,0.0,0.0
2011-12-15,52.095202457516315,53.154766570982495,51.653717690927195,53.02231979370117,1864580,0.0,0.0
2011-12-16,52.97817432637117,54.390924294436424,52.97817432637117,54.081886291503906,3193410,0.0,0.0
2011-12-19,53.59624497820204,54.25847204951032,53.02231350243044,53.5079460144043,1265500,0.0,0.0
2011-12-20,53.905287592071204,54.3026245428664,53.59624961270902,54.12602996826172,1078170,0.0,0.0
2011-12-21,54.655811001856705,55.18559133133303,54.03773170529354,54.69995880126953,821550,0.0,0.0
2011-12-22,54.611657630579195,55.18558910457116,53.220983479752846,53.59624481201172,932720,0.0,0.0
2011-12-23,54.12603395647823,54.12603395647823,53.06646979903869,53.375511169433594,534710,0.0,0.0
2011-12-28,53.28721219149436,53.94943936886138,52.71328399206658,53.375511169433594,1256090,0.0,0.0
2011-12-29,53.55209183892747,54.12601988919206,53.02230821376701,53.86112976074219,890190,0.0,0.0
2011-12-30,54.523355575716614,54.92069244384765,53.563125091755,54.920692443847656,500030,0.0,0.0
2012-01-03,55.715374322228506,57.08397974723024,54.920703790054105,56.46590042114258,2679730,0.0,0.0
2012-01-04,56.64248930524133,56.86323165893555,56.15685343250523,56.86323165893555,1402900,0.0,0.0
2012-01-05,56.64248256391585,57.9669365284508,55.84780883789063,55.847808837890625,1964250,0.0,0.0
2012-01-06,56.0685662874545,58.18769454956054,56.02441848371511,58.18769454956055,962760,0.0,0.0
2012-01-09,58.05523726384755,59.02650224339083,57.74619932533676,58.67331314086914,1866490,0.0,0.0
2012-01-10,59.24725293287087,59.821184463217364,58.805768176684765,59.37969970703125,1467790,0.0,0.0
2012-01-11,59.46798978961872,60.26266362427624,58.805762716824475,59.6887321472168,1298080,0.0,0.0
2012-01-12,60.30682571766635,60.30682571766635,58.39210368188345,59.77703857421875,1248390,0.0,0.0
2012-01-13,60.26267163966567,60.26267163966567,57.3930206092054,58.18769454956055,1726620,0.0,0.0
2012-01-16,58.36429079130776,59.468002821160496,57.61376795831263,59.33555603027344,1321230,0.0,0.0
2012-01-17,60.08607245896621,60.08607245896621,56.819081523178966,57.39301300048828,1878780,0.0,0.0
2012-01-18,57.260568950813656,58.27598519160829,56.77493978279706,57.6137580871582,1912600,0.0,0.0
2012-01-19,57.43716750334543,57.7903499069559,57.12812279540245,57.52546310424805,2135060,0.0,0.0
2012-01-20,57.34886244767579,57.65790714097054,56.99568006080559,57.304718017578125,3246200,0.0,0.0
2012-01-23,57.21642671314493,57.725013969226524,57.083979939871554,57.17227554321289,1155050,0.0,0.0
2012-01-24,56.951533785589824,57.26057176890475,56.06856426953417,57.083980560302734,1454900,0.0,0.0
2012-01-25,56.99568689451415,57.7020584894698,56.02441837286173,57.34886932373047,1100040,0.0,0.0
2012-01-26,57.39301571900817,58.18768959165278,57.172273350858134,57.6137580871582,890030,0.0,0.0
2012-01-27,57.613758705150666,58.14353904708892,56.46589905211026,57.52546310424805,526080,0.0,0.0
2012-01-30,57.172275350273615,57.878653647666,56.11271127244639,56.46590042114258,1357000,0.0,0.0
2012-01-31,56.907376418698625,57.48130788894563,56.37759611405603,56.6866340637207,1130560,0.0,0.0
2012-02-01,56.99568433653021,57.52546469310099,56.73079078998345,57.17227554321289,4558510,0.0,0.0
2012-02-02,57.03982987629418,57.65791258471747,56.819087495397895,56.951534271240234,4613920,0.0,0.0
2012-02-03,56.90738455068705,57.7020584894698,56.78950887077504,57.34886932373047,7489410,0.0,0.0
2012-02-06,55.93611939729614,57.65791405407928,55.93611939729614,57.34886932373047,3154790,0.0,0.0
2012-02-07,57.6137656591445,58.408439636230476,56.995689641701716,58.40843963623047,1485540,0.0,0.0
2012-02-08,58.364285649034926,59.026512808600046,57.34886932373046,57.34886932373047,1485080,0.0,0.0
2012-02-09,57.260561828009905,58.011084439055885,56.94490189758659,57.48130416870117,1911610,0.0,0.0
2012-02-10,57.437172398655996,58.320141955981846,57.437172398655996,58.09939956665039,690830,0.0,0.0
2012-02-13,58.62916871338007,58.71746430488003,57.922790508336696,58.67331314086914,645400,0.0,0.0
2012-02-14,58.717467862235836,59.68873290062251,58.4084299050022,59.644588470458984,803030,0.0,0.0
2012-02-15,59.68872634847195,60.748293603919336,59.68872634847195,60.17436218261719,1264420,0.0,0.0
2012-02-16,59.7328964029346,59.99778324818508,59.1148136243029,59.33555603027344,1242900,0.0,0.0
2012-02-17,61.14564550292431,61.80787271053721,58.8057746887207,58.8057746887207,1423390,0.0,0.0
2012-02-20,58.98237040164418,59.37970401643856,58.14354526210024,59.247257232666016,741230,0.0,0.0
2012-02-21,58.98237470139676,59.51215513858411,58.6733299378907,59.11481475830078,682050,0.0,0.0
2012-02-22,58.98237698250921,59.73289985892768,58.71748338540904,59.51215744018555,818570,0.0,0.0
2012-02-23,59.335545820141476,60.26266646029344,58.894061084168634,59.15895462036133,1264090,0.0,0.0
2012-02-24,60.79245199974945,61.56505035383329,56.90738464333754,58.98236846923828,2652500,0.0,0.0
2012-02-27,59.865346657477765,60.13023351805393,58.540892145024934,59.51215744018555,1488890,0.0,0.0
2012-02-28,60.52756326807481,61.10148806664287,59.37970019789302,60.041927337646484,2194340,0.0,0.0
2012-02-29,60.13021610836965,64.28017642108564,59.997769348167274,63.83869171142578,6905240,0.0,0.0
2012-03-01,63.61796430311414,64.23604034724103,63.22062392915517,63.750404357910156,2474160,0.0,0.0
2012-03-02,63.706257307940284,63.706257307940284,61.10149297380347,61.41053771972656,4714430,0.0,0.0
2012-03-05,61.36638275371706,61.38403918036746,59.82118606567383,59.82118606567383,1743340,0.0,0.0
2012-03-06,59.86533013107743,60.439254872150336,58.89405836752172,58.938209533691406,2122720,0.0,0.0
2012-03-07,59.158955650608036,61.36637936891431,58.93821327877741,60.4834098815918,1582120,0.0,0.0
2012-03-08,60.48341258483114,61.85201804595837,60.39511697945713,61.49882888793945,1737640,0.0,0.0
2012-03-09,61.67542825621702,62.293511048631856,61.366390228271484,61.366390228271484,4263120,0.0,0.0
2012-03-12,60.66000817851147,61.94031812677228,60.66000817851147,61.41053771972656,989490,0.0,0.0
2012-03-13,61.49882336878883,62.29349721888346,60.880740713594214,61.807861328125,1663060,0.0,0.0
2012-03-14,62.07274981466345,62.16104540494098,60.83659134121293,61.233924865722656,1570040,0.0,0.0
2012-03-15,61.05735435503467,61.278096773717714,59.997786703441655,60.88075637817383,2107760,0.0,0.0
2012-03-16,60.88074727980374,62.072761551769894,60.74830723760573,61.2780876159668,3400820,0.0,0.0
2012-03-19,61.278093570895976,61.98446523184739,60.704161965012936,60.792457580566406,2441140,0.0,0.0
2012-03-20,60.792447716871344,61.366379229632855,60.21851620410983,60.43925857543945,1126420,0.0,0.0
2012-03-21,60.704164253811115,61.58713391568473,60.43927066063947,61.18980026245117,840160,0.0,0.0
2012-03-22,61.36636948617856,62.02859649502222,61.14562714989735,61.67540740966797,3023760,0.0,0.0
2012-03-23,61.587134914798334,63.70626348497792,61.366392495748876,63.13233184814453,3379790,0.0,0.0
2012-03-26,63.48551177978515,64.28018571942957,62.22418541656553,63.485511779785156,2038370,0.0,0.0
2012-03-27,63.79454149140252,64.32432180354226,63.22061001303357,63.57379913330078,1780450,0.0,0.0
2012-03-28,63.30890467061629,63.97113173510609,62.82327553190367,63.83869171142578,2399540,0.0,0.0
2012-03-29,63.573805298712905,63.750396507711315,62.51424457167681,63.17647171020508,2164530,0.0,0.0
2012-03-30,63.132311674014254,64.10357666015625,62.55838022058248,64.10357666015625,2599650,0.0,0.0
2012-04-02,64.32431686295449,64.72165711893221,63.8386877543439,64.54505920410156,3214490,0.0,0.0
2012-04-03,64.19188037693789,64.54506952656182,63.08816849468984,63.97113800048828,2743940,0.0,0.0
2012-04-04,63.70625792960677,64.01529594202219,62.20520556905219,62.646690368652344,2954350,0.0,0.0
2012-04-05,62.60255088711308,62.95574010206136,62.028619254887616,62.42595291137695,1282560,0.0,0.0
2012-04-10,61.98445586472854,62.823280927032016,61.45467551494471,61.940311431884766,2814430,0.0,0.0
2012-04-11,61.763725659545415,63.26477813894462,61.58713442033326,62.42595291137695,2465240,0.0,0.0
2012-04-12,62.38180183118451,64.58922576904297,62.38180183118451,64.58922576904297,1744850,0.0,0.0
2012-04-13,64.28018334095961,65.51633527186351,63.66210063898488,63.882843017578125,1938130,0.0,0.0
2012-04-16,63.57379393641144,65.29558149424727,63.57379393641144,64.7216567993164,2460840,0.0,0.0
2012-04-17,64.94240649450565,66.22270951722982,64.58215075114197,66.17855834960938,2781370,0.0,0.0
2012-04-18,66.3992963855042,67.0615234375,66.04611401365732,67.0615234375,2797150,0.0,0.0
2012-04-19,67.45885664036906,67.59130338419111,66.48759174654279,66.97322082519531,1783890,0.0,0.0
2012-04-20,66.92909213590964,67.32642572426339,66.44345620656813,66.84078979492188,1445420,0.0,0.0
2012-04-23,66.26687775488543,66.66421141973115,65.3397568882133,65.86953735351562,1473560,0.0,0.0
2012-04-24,66.00195802567264,66.66418502927469,65.6929201046293,66.53173828125,2532160,0.0,0.0
2012-04-25,66.62004212263439,67.149829180379,66.1344129683982,66.44345092773438,1791980,0.0,0.0
2012-04-26,66.44346504969313,67.06154109973195,66.09027584830365,66.6642074584961,1896770,0.0,0.0
2012-04-27,66.26686403799287,67.41472035246031,66.00197049191122,67.10568237304688,2557060,0.0,0.0
2012-04-30,67.50302684822688,69.62215534926358,67.50302684822688,68.0328140258789,2892470,0.0,0.0
2012-05-01,67.81206624691505,68.03280864129104,67.28227911119406,67.59132385253906,1879350,0.0,0.0
2012-05-02,68.25353978641691,69.71043395996094,67.90035066632176,69.71043395996094,3587190,0.0,0.0
2012-05-03,69.53385365009308,70.95102277426996,69.22481564784175,70.63756561279297,2059100,0.0,0.0
2012-05-04,70.6375510804004,70.6375510804004,66.57589324058175,67.28226470947266,5109660,0.0,0.0
2012-05-08,67.23813707366827,67.23813707366827,64.76581947382161,65.56049346923828,3359660,0.0,0.0
2012-05-09,70.90066849444324,71.80659937554029,69.70865992098103,71.37747192382812,2913700,11.0,0.0
2012-05-10,71.37748011373877,72.34301153429479,70.80531738791508,71.47283935546875,1661990,0.0,0.0
2012-05-11,70.99602060159972,71.71122567391447,70.90066138037955,71.4251480102539,1965990,0.0,0.0
2012-05-14,71.47282398314289,71.5205072314741,70.47154124716758,71.4251480102539,1517750,0.0,0.0
2012-05-15,71.61589094062771,72.23573700366893,69.9947617992381,70.51924133300781,1838540,0.0,0.0
2012-05-16,69.89940035919052,70.37620388885637,69.0411525507031,70.13780212402344,2203770,0.0,0.0
2012-05-17,70.18548484949801,70.80533095265744,69.70868127405924,70.04244232177734,1391490,0.0,0.0
2012-05-18,69.47027734858369,69.70867912896692,68.37362770373184,68.51667022705078,1217820,0.0,0.0
2012-05-21,67.80147137473683,69.37492473094007,67.78526168181912,68.32595825195312,1116950,0.0,0.0
2012-05-22,68.61203898184904,70.32853494839505,68.51667971158449,69.9947738647461,1914410,0.0,0.0
2012-05-23,69.27955401286343,69.43356062101577,67.70610091675144,67.7537841796875,1389740,0.0,0.0
2012-05-24,68.42131240828579,68.89811597907523,67.61074779303274,68.7073974609375,1408370,0.0,0.0
2012-05-25,68.6597100979736,69.5656339182551,67.467701242106,68.0875473022461,1943720,0.0,0.0
2012-05-29,69.13651288565943,70.4238809808552,69.13651288565943,70.32852172851562,1816570,0.0,0.0
2012-05-30,70.09010919043635,70.238397279438,69.37490399461556,69.8517074584961,1520840,0.0,0.0
2012-05-31,70.5192375581276,70.70996333101638,69.6609970441832,69.89939880371094,3886490,0.0,0.0
2012-06-01,69.7563670595323,70.32852991562113,67.40381539783819,68.03987121582031,2708600,0.0,0.0
2012-06-06,68.18289947509766,69.32722494771893,67.70609598226481,68.18289947509766,2699040,0.0,0.0
2012-06-07,68.5643605923285,69.32724200327515,68.08755698219471,68.42131805419922,2568730,0.0,0.0
2012-06-08,68.3259406598638,69.2318643685912,67.99217967640865,69.13650512695312,1762720,0.0,0.0
2012-06-11,70.28083376476081,70.80532053072157,69.37491001494942,69.61331176757812,1319090,0.0,0.0
2012-06-12,69.75636137161146,70.13780566971629,69.08883203106683,69.51795959472656,1866400,0.0,0.0
2012-06-13,69.99475714247961,70.29847783717754,68.94960320205823,69.80403137207031,1676380,0.0,0.0
2012-06-14,69.47026031533274,72.09267925656346,69.37490108164934,71.71123504638672,3849060,0.0,0.0
2012-06-15,71.80662436569288,73.14166861223849,71.75894109598248,72.8555908203125,4690000,0.0,0.0
2012-06-18,73.38005560279056,73.85685910190017,72.42644860457135,72.95093536376953,1353200,0.0,0.0
2012-06-19,73.2847014531742,74.2383085176929,72.56949615478516,72.56949615478516,1884010,0.0,0.0
2012-06-20,73.09398452914748,73.95223236083984,71.99733492617639,73.95223236083984,1097880,0.0,0.0
2012-06-21,73.9045476823056,75.3349582826083,73.42774414887137,74.90583801269531,1991350,0.0,0.0
2012-06-22,74.42902410690674,74.6307066769195,73.18933218256215,73.38005065917969,848210,0.0,0.0
2012-06-25,72.28342751811871,73.47543649912038,72.28342751811871,72.80790710449219,1824640,0.0,0.0
2012-06-26,73.04630260494433,73.2370283907335,71.8066177368164,71.8066177368164,2106340,0.0,0.0
2012-06-27,72.09269613453003,73.66614932272577,71.85429435678658,73.09398651123047,2215500,0.0,0.0
2012-06-28,73.28470421639047,75.3349609375,73.28470421639047,75.3349609375,1793410,0.0,0.0
2012-06-29,76.47929021298654,77.48058062664742,75.9071273803711,75.9071273803711,1677670,0.0,0.0
2012-07-02,76.14552112489552,77.28985394471421,76.14552112489552,77.00376892089844,1166070,0.0,0.0
2012-07-03,76.90841077292204,77.76665858121676,76.3362479925404,77.19448852539062,1078920,0.0,0.0
2012-07-04,76.90841674804689,78.05274239771448,76.13599002284846,76.90841674804688,1118690,0.0,0.0
2012-07-05,76.9084122207426,77.67129351713142,76.57465119885721,77.38521575927734,1607670,0.0,0.0
2012-07-06,77.67129094254273,77.67129094254273,76.95608565844769,77.00376892089844,1286410,0.0,0.0
2012-07-09,77.24216799451064,77.76665476144115,76.57464599609375,76.57464599609375,1042880,0.0,0.0
2012-07-10,76.95610197028728,76.95610197028728,75.7640929108005,75.95481872558594,2039610,0.0,0.0
2012-07-11,75.43031411977377,76.2885618961948,74.7060509239535,75.57335662841797,3076930,0.0,0.0
2012-07-12,75.5733476382442,76.00246783768465,74.12624740581558,74.23829650878906,4062290,0.0,0.0
2012-07-13,74.71512296625602,75.95481524143425,74.71512296625602,75.43032836914062,2265350,0.0,0.0
2012-07-16,75.57337090480667,75.8117727057682,74.9058487722926,75.43032836914062,1317170,0.0,0.0
2012-07-17,75.47800345766015,75.57336271261866,74.61975561214398,75.3349609375,1392500,0.0,0.0
2012-07-18,75.19191732207021,75.76408011893174,75.00119881493126,75.14424133300781,1165250,0.0,0.0
2012-07-19,75.3826396893871,76.38392271966975,75.09655466619529,75.81175994873047,1602380,0.0,0.0
2012-07-20,75.47799848687497,76.28856301380782,75.28727271407385,75.76407623291016,906420,0.0,0.0
2012-07-23,75.5733476382442,75.5733476382442,72.68058043572614,74.23829650878906,917780,0.0,0.0
2012-07-24,74.66744078266693,76.47928849944668,74.14295395384437,74.42903900146484,881710,0.0,0.0
2012-07-25,73.95223452972344,75.71640623383702,73.52310696356939,75.4780044555664,773100,0.0,0.0
2012-07-26,75.76407196639579,75.76407196639579,74.81046498242381,75.09654998779297,1810910,0.0,0.0
2012-07-27,75.09655606215168,75.52567632947188,74.23830825206676,74.858154296875,1465240,0.0,0.0
2012-07-30,73.1416606144432,74.66743777299183,73.1416606144432,73.99990844726562,720880,0.0,0.0
2012-07-31,73.52310935184627,74.76280154930079,71.13909149169922,71.13909149169922,1964670,0.0,0.0
2012-08-01,72.76022915581473,81.0089252623885,71.13909261993706,78.43418884277344,3549460,0.0,0.0
2012-08-02,78.72027390070633,80.1983606321723,78.19578705297776,78.43418884277344,2216250,0.0,0.0
2012-08-03,78.43417414327271,79.62618286885437,78.2434556573572,78.52953338623047,1210090,0.0,0.0
2012-08-06,78.86330915422752,79.34011273381886,77.0056842706537,78.43418884277344,1923140,0.0,0.0
2012-08-07,78.5772184525922,79.00633869349318,76.62232118750097,77.62361145019531,2199050,0.0,0.0
2012-08-08,77.76666716863582,77.9097024229426,77.05146179532076,77.28986358642578,1399060,0.0,0.0
2012-08-09,77.67129495859727,78.1004225165093,74.81047367429616,75.28727722167969,2583790,0.0,0.0
2012-08-10,75.09655498876805,78.1957778930664,73.70143032285937,78.1957778930664,1836970,0.0,0.0
2012-08-13,77.9573745727539,79.10170009667168,77.38521181079501,77.9573745727539,1191950,0.0,0.0
2012-08-14,78.43418020853245,78.86330047274785,77.43288989143724,78.2911376953125,1381320,0.0,0.0
2012-08-15,78.3388170206041,79.67386828447832,78.05273200854388,78.86329650878906,753190,0.0,0.0
2012-08-16,79.34011273381886,79.7692403207182,77.9573852631821,78.43418884277344,960480,0.0,0.0
2012-08-17,78.81563166507195,79.81691479793534,78.14810230105125,79.3877944946289,795800,0.0,0.0
2012-08-20,79.67387399932593,80.38907930533266,79.29242971436678,79.72154998779297,925140,0.0,0.0
2012-08-21,81.53342256559598,81.53342256559598,79.62620800265807,80.05532836914062,760630,0.0,0.0
2012-08-22,79.57851717737672,80.2460465763323,77.67130279541016,77.67130279541016,1519310,0.0,0.0
2012-08-23,78.72026198307576,78.72026198307576,77.48056995363986,77.76665496826172,770340,0.0,0.0
2012-08-24,76.14552463246572,78.29114058358654,76.14552463246572,77.52825927734375,379220,0.0,0.0
2012-08-28,75.57337144209627,77.003782258035,75.33496963943982,75.52568817138672,751050,0.0,0.0
2012-08-29,75.3349675816038,75.81177117389244,74.61976219317086,75.19192504882812,720460,0.0,0.0
2012-08-30,74.85816195018613,76.05780284049509,74.5720768924277,76.0501708984375,809790,0.0,0.0
2012-08-31,76.38392838333013,77.43289475373754,76.14552660480823,76.67001342773438,1565800,0.0,0.0
2012-09-03,76.05015943141882,77.8620142146543,76.05015943141882,77.76665496826172,1007790,0.0,0.0
2012-09-04,77.1468169847782,78.10042409886582,76.67001342773438,76.67001342773438,835920,0.0,0.0
2012-09-05,76.28858024691358,77.57594858349105,76.19322097669412,77.2421875,811480,0.0,0.0
2012-09-06,76.95609028938233,77.90969739222693,76.95609028938233,77.71897888183594,740520,0.0,0.0
2012-09-07,76.71768641189483,78.05273777439086,76.24088287353516,76.24088287353516,1078430,0.0,0.0
2012-09-10,76.2885634704206,76.61278637295659,75.76407668638372,75.81175994873047,540580,0.0,0.0
2012-09-11,75.62104542775813,76.05016570967243,75.0488753512794,75.2396011352539,849560,0.0,0.0
2012-09-12,74.90583462200395,76.00247687890639,74.64597030565413,75.57335662841797,815160,0.0,0.0
2012-09-13,75.23960069887826,76.38392629430933,73.48973256543792,76.33625030517578,777510,0.0,0.0
2012-09-14,76.43160910679944,78.21056445763679,76.1455240719115,76.28856658935547,1063630,0.0,0.0
2012-09-17,74.52439591113291,76.19320832697522,74.52439591113291,75.28727722167969,952100,0.0,0.0
2012-09-18,75.71641191052379,76.00248970062971,74.61976219317086,75.19192504882812,1950810,0.0,0.0
2012-09-19,75.38263443138177,75.38263443138177,74.0952591922585,75.00119018554688,1405260,0.0,0.0
2012-09-20,74.47671046733777,75.62104331284665,74.23830870062066,74.90583801269531,1460300,0.0,0.0
2012-09-21,74.71511022559703,78.05273486991612,74.60496727365273,74.6197509765625,2297540,0.0,0.0
2012-09-24,74.81048325244754,74.81048325244754,73.80920004001251,74.38136291503906,900700,0.0,0.0
2012-09-25,74.66743833421992,75.62104542775813,74.19063478745082,75.2396011352539,1168150,0.0,0.0
2012-09-26,74.61975298245694,75.71640256444459,73.2098445848706,74.90583801269531,1451890,0.0,0.0
2012-09-27,74.95350488714381,75.19190662487357,74.19062369167482,74.71510314941406,1048360,0.0,0.0
2012-09-28,74.71511123174733,75.43031652230415,74.23830770470946,74.7627944946289,2509560,0.0,0.0
2012-10-01,74.19064187028926,75.38265085101084,73.57079574522496,75.19192504882812,2098020,0.0,0.0
2012-10-02,74.47670923356026,77.6712913995594,74.47670923356026,77.05145263671875,1168200,0.0,0.0
2012-10-03,76.76535637876327,77.38520232635126,76.05015119511019,76.5269546508789,618740,0.0,0.0
2012-10-04,76.76536925564672,78.29113911495575,76.47928422401928,77.33753204345703,644460,0.0,0.0
2012-10-05,77.28986827691979,78.8537835394425,76.24089451204235,76.8607406616211,763850,0.0,0.0
2012-10-08,76.33624245438581,78.10041393067473,76.33624245438581,77.4805679321289,693400,0.0,0.0
2012-10-09,76.86072686123788,77.62361541227249,76.43160659843367,77.05145263671875,479520,0.0,0.0
2012-10-10,81.79774670620054,81.84824222425267,80.78789798143264,80.93937683105469,704580,9.0,0.0
2012-10-11,79.98001530804797,82.15119159059878,79.98001530804797,81.59577941894531,918110,0.0,0.0
2012-10-12,81.99972325900373,81.99972325900373,81.14135328033326,81.74726104736328,897600,0.0,0.0
2012-10-15,82.6056289269159,82.70661225868031,81.54528468205379,82.05020904541016,708360,0.0,0.0
2012-10-16,81.59577342750444,82.95906755450218,81.59577342750444,82.50463104248047,940070,0.0,0.0
2012-10-17,82.55513674240665,82.55513674240665,79.57608596012143,80.43445587158203,2218560,0.0,0.0
2012-10-18,80.68692435713496,80.88889104457299,79.32362995559009,80.63642883300781,1206810,0.0,0.0
2012-10-19,80.38394648126035,80.53542531115352,79.42459339949255,80.23246765136719,1171440,0.0,0.0
2012-10-22,80.08100761522746,81.29282301311227,80.08100761522746,80.83839416503906,1583940,0.0,0.0
2012-10-23,80.68689979715259,80.88886642311476,79.7275390625,79.7275390625,828270,0.0,0.0
2012-10-24,79.72756328092751,81.14135320572106,79.62657993727125,80.08101654052734,1015150,0.0,0.0
2012-10-25,79.87902773606962,81.10296228214469,79.47508672979255,80.53543090820312,1195950,0.0,0.0
2012-10-26,80.38395206778249,80.9393719144802,79.22262456393611,80.53543090820312,1417840,0.0,0.0
2012-10-29,80.08100761522746,81.29282301311227,79.74371850819567,80.83839416503906,486920,0.0,0.0
2012-10-30,81.79774749221514,81.89873082475543,79.98860724422171,81.39380645751953,745910,0.0,0.0
2012-10-31,79.87900742398703,81.59575433798707,79.87900742398703,81.34329223632812,2024680,0.0,0.0
2012-11-01,81.14133886214456,82.60562405218816,80.91867012794945,82.2016830444336,1055150,0.0,0.0
2012-11-02,82.10069347627372,82.49453381014277,81.29281152219018,81.99970245361328,903490,0.0,0.0
2012-11-05,82.50462710236025,82.50462710236025,80.58592093612242,80.78788757324219,375240,0.0,0.0
2012-11-06,80.83838644574115,80.93936976849953,79.67705897268554,80.28296661376953,954790,0.0,0.0
2012-11-07,80.43444545017394,81.6462607323419,80.08099996825275,80.28296661376953,1190030,0.0,0.0
2012-11-08,81.59577852480955,81.69676185450047,79.98001443161792,80.03050994873047,766690,0.0,0.0
2012-11-09,79.87903305849396,80.5354362743643,77.55638560057461,79.1721420288086,2229300,0.0,0.0
2012-11-12,79.17213704053512,79.32361588150496,77.7583473657064,78.21277618408203,2466000,0.0,0.0
2012-11-13,78.21277537127025,78.2632708859134,77.50588439346907,77.75834655761719,1480460,0.0,0.0
2012-11-14,77.70784675734106,78.19611385659455,77.15243464956681,77.25341796875,1458070,0.0,0.0
2012-11-15,76.89997286228737,76.95046066985056,75.89012425662249,76.0416030883789,1213400,0.0,0.0
2012-11-16,76.09210404207683,76.39506175793048,74.67831420898438,74.67831420898438,2164990,0.0,0.0
2012-11-19,75.0317590417562,75.23372569334761,73.97141485956661,74.779296875,1082860,0.0,0.0
2012-11-20,75.2337222228179,75.89012536701095,74.62781459146031,74.72879791259766,3110490,0.0,0.0
2012-11-21,74.6783147991338,74.72881032035336,74.02191925048828,74.02191925048828,4169520,0.0,0.0
2012-11-22,74.4258526896127,75.58718033821492,74.27438153484553,75.13275146484375,1342890,0.0,0.0
2012-11-23,75.13273289567006,76.44553137457923,75.13273289567006,75.63765716552734,1664840,0.0,0.0
2012-11-26,76.34454806151437,76.74848901830678,73.46395417743463,75.63765716552734,2971990,0.0,0.0
2012-11-27,76.04159481632549,76.59700686630158,75.78913269237293,76.142578125,753100,0.0,0.0
2012-11-28,76.19306809181364,76.84947117364608,75.9406059606883,76.3950424194336,1302410,0.0,0.0
2012-11-29,76.49602573097717,76.95045448518965,76.14258028830825,76.3950424194336,3108690,0.0,0.0
2012-11-30,76.2435647484495,76.89996784017055,75.48617834366358,75.63765716552734,3097310,0.0,0.0
2012-12-03,76.09209294151515,76.49603393554688,75.63766413856298,75.7386474609375,1828630,0.0,0.0
2012-12-04,76.09209294151515,76.14258845496923,75.38520198035985,75.7386474609375,4407380,0.0,0.0
2012-12-05,75.9911166061039,76.34456211917892,75.43569672517579,75.83963775634766,2197100,0.0,0.0
2012-12-06,75.58717831814434,76.14259821922978,74.62782507576182,75.43569946289062,2795490,0.0,0.0
2012-12-07,76.49603393554688,76.49603393554688,75.18322763107717,75.7386474609375,2845440,0.0,0.0
2012-12-10,75.43568978928029,75.8901262967661,75.0317564997822,75.7386474609375,3244190,0.0,0.0
2012-12-11,75.58717327102214,75.94061877332408,74.02191241667528,74.4763412475586,7355150,0.0,0.0
2012-12-12,74.42583822062592,75.43568681360338,73.71894728735502,75.03175354003906,2080370,0.0,0.0
2012-12-13,74.98125522623803,75.09233918367659,74.52682645819527,74.8802719116211,2960570,0.0,0.0
2012-12-14,74.72879588033248,75.99110662155432,74.72879588033248,75.03175354003906,889210,0.0,0.0
2012-12-17,75.1327577390895,75.68816999686553,73.76946330059408,74.22389221191406,1025240,0.0,0.0
2012-12-18,74.17337433653991,74.67829862121215,73.2140212774759,73.56746673583984,2753020,0.0,0.0
2012-12-19,73.66845406559344,73.97141173471628,72.50713431120086,72.96156311035156,2305420,0.0,0.0
2012-12-20,73.01206629637517,74.22388169115165,72.35566308064858,73.5169906616211,3244550,0.0,0.0
2012-12-21,73.46649249515606,75.23372770981618,73.11304699313087,73.9209213256836,4888390,0.0,0.0
2012-12-24,73.92091861540752,74.82978394767356,73.71895196580788,74.32485961914062,182510,0.0,0.0
2012-12-27,73.87042841318653,74.52683155993032,72.96156311035156,72.96156311035156,1138360,0.0,0.0
2012-12-28,73.06255684793358,73.46649789617344,72.65861579969373,73.11305236816406,774330,0.0,0.0
2012-12-31,72.86059429064483,73.66846872821192,72.20419101325369,72.50714874267578,305710,0.0,0.0
2013-01-02,72.50712823236498,74.17337215924574,72.50712823236498,73.31500244140625,3189720,0.0,0.0
2013-01-03,73.41600589620664,74.14309827699518,73.41600589620664,73.71896362304688,1967870,0.0,0.0
2013-01-04,73.81993805497838,75.03176111155743,73.36550922409505,74.4763412475586,2180400,0.0,0.0
2013-01-07,74.2238770263228,75.5366833752686,73.6179693670147,74.779296875,2315890,0.0,0.0
2013-01-08,74.62782707019365,76.1930880708881,74.62782707019365,75.13275146484375,45637250,0.0,0.0
2013-01-09,75.63766080830693,76.69799720335425,74.9812576849729,76.24356842041016,2454830,0.0,0.0
2013-01-10,76.44555177238318,77.50589610382607,76.44555177238318,77.15245056152344,1087070,0.0,0.0
2013-01-11,77.15243262552238,78.11178568939478,77.15243262552238,77.5563735961914,1593410,0.0,0.0
2013-01-14,77.8088411681927,77.8088411681927,76.49603484806262,76.74849700927734,1880120,0.0,0.0
2013-01-15,76.64751311912235,77.40489959716797,76.4960342826065,77.40489959716797,1329040,0.0,0.0
2013-01-16,77.35441724154352,78.01082050841126,77.05146722151339,77.15245056152344,1345220,0.0,0.0
2013-01-17,77.25342704764863,77.85933473848803,76.6980071700675,77.60687255859375,1154010,0.0,0.0
2013-01-18,77.60686447891506,79.17213291311263,77.60686447891506,78.81868743896484,1340490,0.0,0.0
2013-01-21,79.12163176674358,79.12163176674358,78.2127665375551,78.5157241821289,1151880,0.0,0.0
2013-01-22,80.28295984447676,81.29280839597962,79.77803556872534,80.73738861083984,2133230,0.0,0.0
2013-01-23,81.74723350295044,82.6560986995245,80.7878805037811,82.45413208007812,2295190,0.0,0.0
2013-01-24,82.80759085217407,83.06005301940631,82.3531620329696,82.75709533691406,1510930,0.0,0.0
2013-01-25,82.45414499959857,84.6758089797461,82.45414499959857,84.52433013916016,2451360,0.0,0.0
2013-01-28,84.06989385678435,85.3322045753547,84.06989385678435,85.07974243164062,2135000,0.0,0.0
2013-01-29,85.07975158727692,86.08960027080542,84.75155384694375,85.98861694335938,1757210,0.0,0.0
2013-01-30,85.68565313609955,86.4329389512637,85.57962334644164,86.34205627441406,1520480,0.0,0.0
2013-01-31,86.03910238900842,86.63996357191151,84.27186724142697,84.62532043457031,2542970,0.0,0.0
2013-02-01,84.82727634926317,86.59451127320615,84.62530972548282,85.6856460571289,9171770,0.0,0.0
2013-02-04,85.48368287736804,86.14008598789901,85.05954832762181,85.73614501953125,2446170,0.0,0.0
2013-02-05,85.68565779350415,86.66924940828687,85.4836911420604,85.63516998291016,1290410,0.0,0.0
2013-02-06,85.98860716169446,86.0895904776531,85.28170854091759,85.73614501953125,3032240,0.0,0.0
2013-02-07,85.98861415346276,86.24107631615377,85.3322109895594,85.8371353149414,7344090,0.0,0.0
2013-02-08,86.14008963394812,86.74599725987942,85.93811528894871,86.34205627441406,1057270,0.0,0.0
2013-02-11,86.54403401371907,86.84497312977543,85.93812631008315,86.39256286621094,1014150,0.0,0.0
2013-02-12,86.03910409377292,86.59452394725989,85.83713744043254,86.089599609375,1942650,0.0,0.0
2013-02-13,85.83714246062793,88.51324314883674,85.82047755268847,87.60437774658203,6412900,0.0,0.0
2013-02-14,87.70534751395572,87.85682634165832,86.1905746459961,86.1905746459961,2843680,0.0,0.0
2013-02-15,85.88762748109896,86.54402291488,85.6351653282498,86.34205627441406,7300510,0.0,0.0
2013-02-18,86.29156626271536,86.89748163180441,85.83713744043254,86.089599609375,14940230,0.0,0.0
2013-02-19,86.08959187664276,88.66470885036738,85.88762524144342,88.41224670410156,4356860,0.0,0.0
2013-02-20,88.66471386485917,89.72505031642366,88.00831070653808,88.8161849975586,1378910,0.0,0.0
2013-02-21,89.06865891975671,89.06865891975671,86.86416039877717,88.21028900146484,1136830,0.0,0.0
2013-02-22,88.61422729492188,89.22013500047598,88.05880740385216,88.61422729492188,2054300,0.0,0.0
2013-02-25,88.51324604377312,88.76570823573795,87.88158206457307,88.31127166748047,6574170,0.0,0.0
2013-02-26,87.65485864764797,87.75584196338401,86.69549788682276,87.50337982177734,1696820,0.0,0.0
2013-02-27,87.35192592165323,87.76444985675056,86.99848036345534,87.75586700439453,2436610,0.0,0.0
2013-02-28,87.90733185681628,88.2607773586579,86.241079971524,86.99846649169922,1970230,0.0,0.0
2013-03-01,89.32110091883146,90.07848732923829,86.54401741400645,88.91716766357422,3997570,0.0,0.0
2013-03-04,91.03784469779222,91.13882800786392,88.46272791603396,89.42208862304688,9231240,0.0,0.0
2013-03-05,89.5735676747562,91.54277706608177,89.5735676747562,90.53292846679688,3562320,0.0,0.0
2013-03-06,90.73488810508103,91.34079567700243,90.22996384439107,90.43193817138672,2636620,0.0,0.0
2013-03-07,90.7349069459517,90.93688131488682,89.97752039764738,90.4824447631836,1572990,0.0,0.0
2013-03-08,90.73489913388983,90.73489913388983,89.47258832873128,89.9270248413086,1163340,0.0,0.0
2013-03-11,89.82603931854497,90.24613675006637,89.1191483061456,89.67456817626953,1123540,0.0,0.0
2013-03-12,89.82603454589844,90.7853953883638,89.6240678972393,89.82603454589844,1130850,0.0,0.0
2013-03-13,89.82603733085872,90.23755190218073,89.61952500086332,89.9775161743164,807240,0.0,0.0
2013-03-14,89.9775161743164,90.28047386123178,89.52308734847738,89.9775161743164,1221940,0.0,0.0
2013-03-15,89.97750919853766,90.58341682085955,89.47258489584718,89.87652587890625,4357780,0.0,0.0
2013-03-18,89.16964399872262,90.785400390625,88.66471964471974,90.785400390625,1044290,0.0,0.0
2013-03-19,90.88638438587539,91.34081322599106,90.38347861615395,90.68441772460938,1252920,0.0,0.0
2013-03-20,90.68440167417917,90.7348894782926,89.62405762886954,90.22996520996094,1686380,0.0,0.0
2013-03-21,91.0378476311557,91.18932645341046,88.61420958867842,89.57356262207031,1446250,0.0,0.0
2013-03-22,89.57358475374677,89.97752581138683,88.36176928536146,88.56373596191406,1250980,0.0,0.0
2013-03-25,88.76569687306099,91.391301792491,88.4627391996702,90.58341979980469,1765690,0.0,0.0
2013-03-26,90.7348894782926,90.88636829969867,89.14942758391251,90.22996520996094,1295530,0.0,0.0
2013-03-27,90.38145718869224,90.61624515855793,89.47259183248015,89.9775161743164,2101240,0.0,0.0
2013-03-28,90.1794870023403,90.8863779714156,89.57357165223722,89.9270248413086,2635350,0.0,0.0
2013-04-02,89.97752391141383,91.69427144399936,89.01817066124448,91.0883560180664,4746030,0.0,0.0
2013-04-03,90.78539954083834,91.13884504442514,89.67456751333667,89.77555084228516,4330740,0.0,0.0
2013-04-04,91.39130533782163,93.4614982090555,90.73490215636696,91.18933868408203,3895180,0.0,0.0
2013-04-05,91.8457311015226,91.8457311015226,89.57357165223722,89.9270248413086,1906220,0.0,0.0
2013-04-08,89.72505616540526,91.10248820058202,89.72505616540526,90.785400390625,1515270,0.0,0.0
2013-04-09,90.88637393563991,91.44179374705995,89.97750865537684,90.53292846679688,1284020,0.0,0.0
2013-04-10,91.34080194816634,93.25951581142746,90.98735648232349,92.9565658569336,1475800,0.0,0.0
2013-04-11,93.20903219657814,93.41099884199059,92.60311685127343,92.90607452392578,1636780,0.0,0.0
2013-04-12,92.24967259406623,93.15853791955399,91.59326943096208,92.14868927001953,1538930,0.0,0.0
2013-04-15,91.59325919354984,92.04769565776807,90.07848638855486,90.22996520996094,2089420,0.0,0.0
2013-04-16,90.02799224853516,90.48242097623913,89.16962259368745,90.02799224853516,877180,0.0,0.0
2013-04-17,90.73489895859957,90.73489895859957,88.4122517043152,88.8161849975586,1225070,0.0,0.0
2013-04-18,88.81618910566915,89.47259229435156,87.77554539412832,88.76570129394531,34759850,0.0,0.0
2013-04-19,89.06863140034706,90.12897536885238,88.41223606268719,89.47257232666016,2008950,0.0,0.0
2013-04-22,89.82603931854497,90.43195470578351,89.32111496553566,89.67456817626953,1625090,0.0,0.0
2013-04-23,89.8765136777654,92.45163035371657,89.75583758707617,92.35063934326172,2052220,0.0,0.0
2013-04-24,91.89624165245256,93.25953600419183,91.69427497239302,92.24968719482422,2273250,0.0,0.0
2013-04-25,92.09821876169238,92.90610098248486,91.59329429983106,91.84575653076172,1263060,0.0,0.0
2013-04-26,91.54279611008089,92.3001827171066,90.88639284308495,92.24968719482422,1468680,0.0,0.0
2013-04-29,94.01691452813738,95.38020876266779,92.3001747816227,95.12774658203125,5750240,0.0,0.0
2013-04-30,95.07724263278453,97.24841855868887,95.02674712341323,96.99595642089844,4160580,0.0,0.0
2013-05-01,97.04646380612328,98.20779141517885,95.3802118196118,98.05631256103516,4488570,0.0,0.0
2013-05-02,97.24844158719499,98.2582903774897,96.64252614939029,97.5513916015625,3207200,0.0,0.0
2013-05-03,97.80385379913618,98.20779485616103,96.49105499447396,97.5513916015625,2271210,0.0,0.0
2013-05-07,96.94546910339182,97.85433441714284,96.18808262602157,96.33956146240234,1267150,0.0,0.0
2013-05-08,105.0580860961914,108.3820142767279,104.34970523325013,106.63831329345703,7824070,14.0,0.0
2013-05-09,106.09339502044848,107.7826101065356,105.9299212516947,106.85626983642578,5935470,0.0,0.0
2013-05-10,107.1287246855478,107.94608522491478,105.16705606521849,107.83709716796875,23666370,0.0,0.0
2013-05-13,108.32754042704357,109.52633446472792,107.34670591816617,108.92693328857422,2497940,0.0,0.0
2013-05-14,108.98140548883056,109.85326005858977,108.49099248997938,109.36283874511719,1456540,0.0,0.0
2013-05-15,109.19936310563077,110.2346914288337,108.87242388353081,110.0167236328125,881030,0.0,0.0
2013-05-16,110.23469543180205,112.63228307275057,109.79876813855098,112.03289031982422,2222020,0.0,0.0
2013-05-17,112.14188992488937,113.776611328125,111.81494231839302,113.776611328125,3841470,0.0,0.0
2013-05-20,114.10353192946782,115.24784005014058,113.28617136173634,114.53945922851562,1781750,0.0,0.0
2013-05-21,114.43048595621065,115.9017333984375,114.32150620393868,115.9017333984375,2804610,0.0,0.0
2013-05-22,116.50114967651888,116.50114967651888,114.21254132233831,114.6484603881836,1752730,0.0,0.0
2013-05-23,113.55863228451244,113.72210607163605,108.10956147787321,110.6706314086914,5273800,0.0,0.0
2013-05-24,113.3406533939705,114.92088033178813,110.5071387220454,111.97838592529297,2578190,0.0,0.0
2013-05-28,112.57779279960918,114.8119065758046,112.19417280606216,114.43047332763672,2493530,0.0,0.0
2013-05-29,114.3759956943683,114.3759956943683,110.83409958368982,111.54248046875,1880380,0.0,0.0
2013-05-30,111.65146003970585,113.3406753540039,111.16104698181152,113.3406753540039,1517400,0.0,0.0
2013-05-31,113.5586238038002,113.5586238038002,111.45583106195737,111.48798370361328,2128150,0.0,0.0
2013-06-03,111.4334856708984,112.35982594264665,110.33767678816226,111.27001190185547,1137290,0.0,0.0
2013-06-04,111.32450552733162,112.68677307339632,110.5071449996928,111.8149185180664,1715780,0.0,0.0
2013-06-05,111.54247568212809,111.92390896860053,109.5263211839548,109.79877471923828,1676330,0.0,0.0
2013-06-06,109.96225123827448,110.8340975840926,109.74428341585326,109.853271484375,2021740,0.0,0.0
2013-06-07,110.23469543457031,110.99756196181268,109.47182059270641,110.23469543457031,2392690,0.0,0.0
2013-06-10,110.83409550608756,112.79576429798837,110.39817649866258,112.30535125732422,2470150,0.0,0.0
2013-06-11,112.30533288915503,112.92325055864887,111.81491161407993,112.79574584960938,1572010,0.0,0.0
2013-06-12,112.46880349576902,116.11968711309014,112.43066432868639,114.26699829101562,2966520,0.0,0.0
2013-06-13,113.44965659674675,113.50088298597213,111.54248174607984,113.23169708251953,1832540,0.0,0.0
2013-06-14,113.8855819093215,114.32150924462614,112.14188088272526,112.3598403930664,1717690,0.0,0.0
2013-06-17,112.30533982342246,112.85024684184833,111.48797929578363,111.8149185180664,1658930,0.0,0.0
2013-06-18,111.97839629018475,112.79575684704741,111.65144874159107,112.03289031982422,1453540,0.0,0.0
2013-06-19,112.5778082180299,112.90474748354163,111.10655242204892,112.3598403930664,2296060,0.0,0.0
2013-06-20,111.48798010575588,111.64763746421278,109.85325903860182,110.72510528564453,2115790,0.0,0.0
2013-06-21,110.7251026484613,112.14186419876644,109.41732915173432,109.58080291748047,3965120,0.0,0.0
2013-06-24,109.03590871949812,109.58081579292966,106.51080787784292,107.45567321777344,2106360,0.0,0.0
2013-06-25,108.38200443279344,110.18019928628343,108.00057117650681,109.36283874511719,2311700,0.0,0.0
2013-06-26,110.2346937804322,112.577795671262,109.68978675068674,112.41432189941406,1704260,0.0,0.0
2013-06-27,113.61309876902544,115.35679934140539,112.57777889266177,114.86638641357422,1424470,0.0,0.0
2013-06-28,113.94008115885498,115.13887514984059,113.06822644834395,113.55863952636719,1400320,0.0,0.0
2013-07-01,114.10353906855137,115.0843734741211,113.44965223637897,115.0843734741211,1191360,0.0,0.0
2013-07-02,114.92088560172091,117.48195521197438,114.92088560172091,117.3184814453125,1303150,0.0,0.0
2013-07-03,117.69994681060105,117.69994681060105,115.90175151584774,117.20953369140625,1276200,0.0,0.0
2013-07-04,118.19032503910219,119.11667359130803,117.10051103850329,119.06217956542969,839940,0.0,0.0
2013-07-05,118.8442419704035,121.78673698788597,118.8442419704035,120.15201568603516,1176580,0.0,0.0
2013-07-08,122.16813693227606,122.16813693227606,119.5525819006769,121.62322998046875,1523070,0.0,0.0
2013-07-09,121.35078087438623,122.71304830295954,120.09749317717468,121.29629516601562,1471780,0.0,0.0
2013-07-10,121.29630751637858,123.31246185302734,120.26097917647364,123.31246185302734,1484830,0.0,0.0
2013-07-11,124.2388087778028,124.2388087778028,122.38612811310534,122.87654113769531,952840,0.0,0.0
2013-07-12,123.09449244207373,125.7100477999339,123.09449244207373,125.4920883178711,1879840,0.0,0.0
2013-07-15,126.14600223014087,128.43461054288187,125.05618795601438,126.2549819946289,1289140,0.0,0.0
2013-07-16,126.5818983105436,126.75408579699102,124.83819756592418,125.27411651611328,1126410,0.0,0.0
2013-07-17,125.16515795692587,125.27413771291288,121.95020942488577,124.83821868896484,1490750,0.0,0.0
2013-07-18,124.5112325958164,125.6555404663086,124.23877913280586,125.6555404663086,1230960,0.0,0.0
2013-07-19,125.32862854003906,125.71006183354083,124.89270121262753,125.32862854003906,2314940,0.0,0.0
2013-07-22,124.78370752923502,126.41842858856998,124.78370752923502,125.4920883178711,1124340,0.0,0.0
2013-07-23,125.27411909909421,125.55311621275845,121.62324377094791,121.73222351074219,1666730,0.0,0.0
2013-07-24,122.27712708431648,122.71305434585088,120.64240608952818,121.677734375,1740110,0.0,0.0
2013-07-25,121.95020102408974,122.71306757806956,120.80589287849816,122.60408782958984,846610,0.0,0.0
2013-07-26,123.25796992637976,125.65556587444948,121.56876310292083,122.38612365722656,1206070,0.0,0.0
2013-07-29,122.71307008679467,123.80288422311544,122.05918326792661,122.93103790283203,1328910,0.0,0.0
2013-07-30,123.9663603811553,126.99331521175124,123.9663603811553,125.87353515625,1805970,0.0,0.0
2013-07-31,125.11064429414547,135.1369292688925,125.06705073856233,132.46688842773438,3482320,0.0,0.0
2013-08-01,132.41242832090796,134.42858297398078,132.41242832090796,134.04714965820312,1768430,0.0,0.0
2013-08-02,132.24891739696977,134.4830392565862,132.24891739696977,133.22975158691406,1432440,0.0,0.0
2013-08-05,136.60819173775275,136.60819173775275,132.63036872730174,133.01181030273438,2938680,0.0,0.0
2013-08-06,132.63038346545625,134.97348563455415,130.61422887888267,133.55673217773438,2350470,0.0,0.0
2013-08-07,133.17531085117227,134.31961924973754,131.5405893187211,131.9765167236328,1373800,0.0,0.0
2013-08-08,131.8675049852303,133.44773209102283,131.6495454929216,132.08546447753906,1322840,0.0,0.0
2013-08-09,132.73934685726675,133.2842538504171,129.7968441054825,130.3417510986328,1971870,0.0,0.0
2013-08-12,130.88669023416045,132.84835921708498,129.41544265427848,130.23280334472656,1603280,0.0,0.0
2013-08-13,130.069319665374,131.48608141373475,128.97950549421105,129.63339233398438,1507960,0.0,0.0
2013-08-14,129.08849258454867,132.24895552345595,128.7070592658891,131.4315948486328,2431950,0.0,0.0
2013-08-15,132.41241408714228,132.41241408714228,125.21964263916016,125.21964263916016,2099760,0.0,0.0
2013-08-16,125.38309818780135,125.8735111391185,121.40527561009124,123.36693572998047,4366710,0.0,0.0
2013-08-19,124.56575639293642,129.19746637137143,123.85737555683964,128.81602478027344,2343840,0.0,0.0
2013-08-20,129.52442245828834,130.28729742505828,128.16215464043796,128.70706176757812,1321020,0.0,0.0
2013-08-21,128.32559496619638,129.851336187105,127.78068798120191,128.10763549804688,1207190,0.0,0.0
2013-08-22,128.16213415084206,129.82736993212305,128.05315440576146,129.3064422607422,1193370,0.0,0.0
2013-08-23,129.68785159870728,130.45071798814578,128.4890579947525,128.59803771972656,960280,0.0,0.0
2013-08-27,128.65255314229103,129.25194588667398,126.63639047906979,126.90884399414062,1201790,0.0,0.0
2013-08-28,126.79987821505067,127.39927934006494,124.20066906693947,124.40229034423828,1479220,0.0,0.0
2013-08-29,124.40224730742001,128.43455505371094,123.76470723025511,128.43455505371094,1341620,0.0,0.0
2013-08-30,127.39927101885522,128.598064875961,125.38311657991069,126.7453842163086,1568060,0.0,0.0
2013-09-02,127.12682519132082,129.68788683994143,127.12682519132082,129.08848571777344,2357890,0.0,0.0
2013-09-03,128.87051476191866,130.1782883300599,127.34477338933948,127.78070068359375,2500300,0.0,0.0
2013-09-04,127.72619479954795,129.90582275390625,126.85434860657712,129.90582275390625,1050480,0.0,0.0
2013-09-05,130.77769410996,131.64954872987516,129.25195268241944,129.79685974121094,1566810,0.0,0.0
2013-09-06,129.6333859606491,129.79685974121094,128.16213856483643,129.79685974121094,1132400,0.0,0.0
2013-09-09,130.66872078536255,130.66872078536255,129.197473317217,129.63339233398438,1404570,0.0,0.0
2013-09-10,129.74237607897146,131.48607703179673,129.74237607897146,130.66871643066406,755190,0.0,0.0
2013-09-11,129.79682261036274,131.59501705289136,129.79682261036274,130.5052032470703,1081710,0.0,0.0
2013-09-12,130.83218214600691,130.83218214600691,128.87051349840667,129.41542053222656,1130480,0.0,0.0
2013-09-13,129.0884755004512,130.61421688778938,129.03398978478086,129.74237060546875,1150410,0.0,0.0
2013-09-16,130.3417555023433,130.99564225329163,129.30643550622682,130.0148162841797,1323090,0.0,0.0
2013-09-17,131.9220077231779,131.9220077231779,127.94418436632324,128.38011169433594,1388490,0.0,0.0
2013-09-18,128.76156521386974,129.6334116922201,127.78073065043003,128.3256378173828,1114950,0.0,0.0
2013-09-19,129.08846951318176,130.01481809745098,127.29028300165042,127.56273651123047,1493540,0.0,0.0
2013-09-20,128.3256124702699,128.87051952959163,125.38311767578125,125.38311767578125,2147400,0.0,0.0
2013-09-23,126.2004712086349,127.11046494906795,124.56575012207031,124.56575012207031,1687460,0.0,0.0
2013-09-24,124.8382051737194,127.50824632213778,123.85737084677865,127.07231903076172,1475370,0.0,0.0
2013-09-25,127.72621312480477,127.72621312480477,124.40228500628707,125.81903839111328,1721750,0.0,0.0
2013-09-26,127.50822610922009,127.50822610922009,125.65554580784018,127.12679290771484,1230250,0.0,0.0
2013-09-27,127.50824569498324,128.1621324715204,126.14597811277189,127.88967895507812,908850,0.0,0.0
2013-09-30,126.58191810375804,129.08848571777344,125.3286301394392,129.08848571777344,2026320,0.0,0.0
2013-10-01,128.9795266480812,130.45077435752535,128.43461947312974,129.19749450683594,1461450,0.0,0.0
2013-10-02,129.41541576251166,129.4699097897338,127.23578770756409,127.39926147460938,1466620,0.0,0.0
2013-10-03,127.39926147460939,129.3064360226885,126.3094474471356,127.39926147460938,1121400,0.0,0.0
2013-10-04,129.14296595923344,130.50523353264308,127.12681161351146,128.9794921875,2271740,0.0,0.0
2013-10-07,129.74235460770598,129.74235460770598,127.67170643125368,128.7615203857422,986430,0.0,0.0
2013-10-08,128.92498520926878,129.30641840398803,128.2166045250073,128.59803771972656,1305700,0.0,0.0
2013-10-09,135.57094352708987,135.62810171421683,133.79915310064808,134.713623046875,2009830,11.0,0.0
2013-10-10,135.34230478698584,135.79954404148813,133.68481357955423,135.7423858642578,1417210,0.0,0.0
2013-10-11,136.42825188736896,137.91427740950604,135.68523912630044,137.1712646484375,1326260,0.0,0.0
2013-10-14,136.65687617642868,139.09737531913234,136.65687617642868,137.68565368652344,1175680,0.0,0.0
2013-10-15,138.8859005883823,145.9159293994244,138.8287424083366,144.25843811035156,4032120,0.0,0.0
2013-10-16,143.515453198523,145.97309828755428,143.515453198523,144.94432067871094,1863450,0.0,0.0
2013-10-17,144.6013811568976,146.20171439218498,143.68690253070065,145.68731689453125,2021560,0.0,0.0
2013-10-18,149.2880730530702,149.2880730530702,145.23008614524895,147.28765869140625,2163760,0.0,0.0
2013-10-21,148.03063795758843,150.94553045600935,147.66313025375382,150.54544067382812,2110340,0.0,0.0
2013-10-22,150.54546377804675,152.4887199278169,149.56869896678816,149.80245971679688,1551570,0.0,0.0
2013-10-23,149.17374651227678,150.202523994091,146.71723547151402,150.03106689453125,2013780,0.0,0.0
2013-10-24,149.9739114849065,151.28847989398847,149.5166809161473,150.65977478027344,853020,0.0,0.0
2013-10-25,149.91676305143687,150.77408350527787,147.90778452456203,149.40237426757812,1069900,0.0,0.0
2013-10-28,149.97391309668146,150.63861897644446,149.1737508716394,149.6309814453125,647840,0.0,0.0
2013-10-29,149.28805042793266,150.14537073871583,147.9734821527293,149.05941772460938,1100690,0.0,0.0
2013-10-30,148.94514078332642,152.71735419558732,148.94514078332642,150.37400817871094,1184970,0.0,0.0
2013-10-31,150.6597707125221,151.7457063656765,149.45951869915032,151.57424926757812,1691200,0.0,0.0
2013-11-01,151.28845772046876,153.0602389964015,150.48827817907585,150.94552612304688,1564550,0.0,0.0
2013-11-04,150.831256951967,152.5458980331388,150.831256951967,151.51712036132812,968030,0.0,0.0
2013-11-05,152.1458002920831,152.1458002920831,148.48788597309684,150.65977478027344,1612840,0.0,0.0
2013-11-06,151.11702041702785,152.0143533759754,149.85962750645032,150.14540100097656,2968110,0.0,0.0
2013-11-07,148.77365669033358,151.9743229391958,148.54504141017793,150.03106689453125,1929750,0.0,0.0
2013-11-08,149.68814775219178,151.57426321597956,146.77325472068657,149.40237426757812,2782500,0.0,0.0
2013-11-11,149.85962922564576,150.94556502885737,149.05944947800867,149.11660766601562,1367810,0.0,0.0
2013-11-12,150.2025337786735,151.17417058541463,148.7165256397456,148.77366638183594,1210650,0.0,0.0
2013-11-13,148.4307478439894,149.17375189184668,143.44684908994887,143.45828247070312,2484590,0.0,0.0
2013-11-14,144.0869921207681,147.19334845334166,144.08355600165393,145.1729278564453,1749870,0.0,0.0
2013-11-15,146.88758583292656,146.88758583292656,144.02985069999025,146.25888061523438,1122550,0.0,0.0
2013-11-18,146.14454339732748,147.0018724849345,144.88714193736013,145.80162048339844,1242660,0.0,0.0
2013-11-19,145.00149548048574,146.56525271947126,143.4011618788356,143.6869354248047,981880,0.0,0.0
2013-11-20,143.5725896039207,143.9155212564145,141.11493601735307,141.62933349609375,904230,0.0,0.0
2013-11-21,140.82917087342116,144.37276908831447,140.27476961107692,141.9151153564453,1423210,0.0,0.0
2013-11-22,141.5721758175029,144.82999164333188,141.5721758175029,143.45828247070312,1182740,0.0,0.0
2013-11-25,144.487060546875,145.80162018368517,143.85835545762683,144.487060546875,770630,0.0,0.0
2013-11-26,144.77283934523032,145.51585209964387,143.62974548339844,143.62974548339844,1065520,0.0,0.0
2013-11-27,144.77286761825974,145.97311117491313,143.9155470544577,144.83001708984375,815080,0.0,0.0
2013-11-28,145.80163450340066,146.37318146935502,143.1725149715648,145.74447631835938,1761230,0.0,0.0
2013-11-29,145.80163708067562,147.68773512477307,144.31561145448063,145.05862426757812,2114510,0.0,0.0
2013-12-02,145.0586268560815,146.9447336549504,143.80122523054055,144.37277221679688,1457770,0.0,0.0
2013-12-03,145.28721300581122,146.3159991188382,143.56571759619953,144.1441192626953,1424020,0.0,0.0
2013-12-04,145.17293462538183,147.0018919597589,143.57260131835938,143.57260131835938,1242520,0.0,0.0
2013-12-05,142.8867575902794,143.28683876730904,129.39824418531077,141.85797119140625,4059930,0.0,0.0
2013-12-06,144.71567520619098,144.71567520619098,141.28639376186837,142.65811157226562,1299050,0.0,0.0
2013-12-09,143.51544452332695,143.51544452332695,140.71485919877887,142.0294189453125,1420340,0.0,0.0
2013-12-10,141.4007218975165,142.88674756059265,141.05779893604006,141.80081176757812,965430,0.0,0.0
2013-12-11,141.57216690975773,143.34396580727602,141.3435516357422,141.3435516357422,952080,0.0,0.0
2013-12-12,140.65770367876547,143.45828016160212,139.36028969913707,139.74322509765625,1224270,0.0,0.0
2013-12-13,139.40030057206198,140.77201851381318,139.40030057206198,139.9718475341797,1080540,0.0,0.0
2013-12-16,139.74323233439213,142.6981290840498,139.57176650141537,142.08657836914062,1397720,0.0,0.0
2013-12-17,141.5150097384453,144.42989356827735,141.4006933865547,142.88671875,1666580,0.0,0.0
2013-12-18,143.11536880820194,144.315621025973,141.97227478027344,141.97227478027344,1369600,0.0,0.0
2013-12-19,143.62975575704604,146.31602478027344,143.00105059962243,146.31602478027344,2754470,0.0,0.0
2013-12-20,146.60179975338949,149.9167652465548,145.91594512449717,146.8875732421875,4600030,0.0,0.0
2013-12-23,147.28763489417506,150.5454415771844,147.28763489417506,150.0882110595703,977510,0.0,0.0
2013-12-27,150.60262721261,153.28431765319084,150.3740119121183,153.06027221679688,1028000,0.0,0.0
2013-12-30,153.9175827004429,154.38796471189536,152.0646424667351,152.20294189453125,537010,0.0,0.0
2014-01-02,156.77532492820572,159.40444444568342,155.34645752112317,156.66102600097656,2095440,0.0,0.0
2014-01-03,156.48956935220238,157.74697979119856,155.17501816416814,157.2897491455078,892700,0.0,0.0
2014-01-06,157.51831732099168,160.60466686119582,156.8324541155126,160.3188934326172,1027890,0.0,0.0
2014-01-07,159.9759863886933,160.8333068060413,158.16532608586775,160.1474609375,1765840,0.0,0.0
2014-01-08,156.03231632465253,158.64429005512315,154.37483366899022,154.94638061523438,2350360,0.0,0.0
2014-01-09,155.40360977356048,155.8036996091624,151.57425573409634,152.7744903564453,2086940,0.0,0.0
2014-01-10,153.23172556971,153.688956107422,151.39648933269987,152.8887939453125,2308460,0.0,0.0
2014-01-13,153.5746625240689,153.64437910767546,150.3739963223216,152.03147888183594,3128430,0.0,0.0
2014-01-14,150.88840069878194,153.28890495951794,150.11110518866437,153.06027221679688,1750440,0.0,0.0
2014-01-15,153.34601043363867,154.14618996466362,152.66016468990705,152.94593811035156,3480320,0.0,0.0
2014-01-16,153.46033479422968,154.62401036272408,150.8483614088044,151.1169891357422,1452360,0.0,0.0
2014-01-17,150.54547919536708,152.54589373368654,146.83042362420238,147.687744140625,2236630,0.0,0.0
2014-01-20,147.97348739194146,149.05942300227062,147.51625685355876,148.2021026611328,1262140,0.0,0.0
2014-01-21,148.0878340251811,148.94515454160376,147.5162870142327,147.687744140625,1147050,0.0,0.0
2014-01-22,147.63056603256965,148.65936097880873,147.23049364422238,147.57342529296875,808570,0.0,0.0
2014-01-23,146.6589676095573,147.97351876781138,144.83001018376575,145.11578369140625,1420900,0.0,0.0
2014-01-24,144.88714774718017,145.720458920923,140.31477227586876,141.0577850341797,1962080,0.0,0.0
2014-01-27,141.22924680324263,142.08656717949597,139.514606050736,141.17208862304688,1721690,0.0,0.0
2014-01-28,141.5721895273264,144.54423216991023,141.5721895273264,144.20130920410156,1754830,0.0,0.0
2014-01-29,145.28722304047767,146.4303255836583,143.7440481249101,145.00144958496094,1472920,0.0,0.0
2014-01-30,145.57300210039247,146.37317303931323,144.48706641606714,145.4586944580078,1008610,0.0,0.0
2014-01-31,143.62977757802534,146.1445811475524,142.0294440696372,144.71571350097656,2404630,0.0,0.0
2014-02-03,144.3156106265797,147.9163495781927,140.94348697563223,146.83041381835938,1971100,0.0,0.0
2014-02-04,146.77324315937338,147.74487990741582,145.5158503914555,147.4591064453125,1663790,0.0,0.0
2014-02-05,147.28766629151107,149.45953787649552,146.88757642164185,148.54505920410156,1343620,0.0,0.0
2014-02-06,149.74528416678913,151.93660344002888,148.88796383758995,151.8028564453125,1357830,0.0,0.0
2014-02-07,153.003124604132,154.31767560461319,151.8600307107645,153.34603881835938,1278640,0.0,0.0
2014-02-10,153.97474892394192,154.37483877644112,151.51710395067298,153.57467651367188,1302170,0.0,0.0
2014-02-11,154.31767292159915,156.43240356445312,154.31767292159915,156.43240356445312,1178260,0.0,0.0
2014-02-12,156.7181785552178,157.63263970911308,156.03231524756788,157.0039520263672,1371810,0.0,0.0
2014-02-13,157.0039565359637,158.71859741210938,153.91758900511832,158.71859741210938,1425880,0.0,0.0
2014-02-14,159.1186449412081,159.1758031165893,154.83204342101268,155.28929138183594,2301560,0.0,0.0
2014-02-17,155.80370821002666,156.20378062548545,152.37442637462868,155.1750030517578,2289830,0.0,0.0
2014-02-18,155.23216688128934,157.06110679465937,153.17459421679683,156.94680786132812,2878570,0.0,0.0
2014-02-19,156.83248777627244,158.31851341227036,156.6038724727873,156.77532958984375,1795840,0.0,0.0
2014-02-20,156.146639214939,158.37566890997917,154.83207071831475,158.2613525390625,1736320,0.0,0.0
2014-02-21,158.4899579035145,159.34727830495916,157.00394982812628,157.40402221679688,1578680,0.0,0.0
2014-02-24,157.74694801273202,158.31849492582165,149.15202874306036,152.03147888183594,3582970,0.0,0.0
2014-02-25,152.54588836671817,152.77450367460813,149.74531160004872,151.17417907714844,3414320,0.0,0.0
2014-02-26,151.1741746132962,151.70799404500235,149.23091839026682,149.45953369140625,3775120,0.0,0.0
2014-02-27,149.80245161437563,150.33970711596666,148.48788322958208,150.03106689453125,1425250,0.0,0.0
2014-02-28,154.31768843136769,159.57592775481,153.59524870503816,157.46119689941406,5182920,0.0,0.0
2014-03-03,154.66058498230345,156.41865671831334,153.24828793620225,153.6317901611328,2503060,0.0,0.0
2014-03-04,155.34646583199032,156.77533331551572,154.5463035296621,154.8320770263672,2466740,0.0,0.0
2014-03-05,155.00352696790938,157.28971457839637,154.60343715918324,156.60385131835938,2370150,0.0,0.0
2014-03-06,157.46116411741758,158.26132625425137,155.8373974914469,155.86083984375,1919820,0.0,0.0
2014-03-07,155.80371615156884,156.42097923882233,153.6318270797748,154.4320068359375,1827130,0.0,0.0
2014-03-10,154.66061117175738,155.17499994833366,151.23132940494338,151.91717529296875,1457300,0.0,0.0
2014-03-11,152.43157614561898,153.28889655714164,151.1741658984944,152.7744903564453,1469270,0.0,0.0
2014-03-12,151.97430874751117,157.1753887359459,145.85875900273518,150.0882110595703,3661260,0.0,0.0
2014-03-13,149.85962404791348,150.71694451170652,148.71653009618944,150.48831176757812,1685410,0.0,0.0
2014-03-14,149.97390435450217,150.48829308045705,148.54503709227896,150.43115234375,1313700,0.0,0.0
2014-03-17,151.2884968907876,154.0319154960138,150.94556520457678,153.86045837402344,959720,0.0,0.0
2014-03-18,153.34606775108094,154.6606364418183,150.8312641996351,152.2601318359375,1379440,0.0,0.0
2014-03-19,152.66018676757812,153.2317336911241,150.94554599694015,152.66018676757812,1477340,0.0,0.0
2014-03-20,152.20292721436417,152.20292721436417,149.0594193733882,151.23130798339844,1059600,0.0,0.0
2014-03-21,151.51710560707932,153.34604545022768,151.51710560707932,152.54588317871094,3223240,0.0,0.0
2014-03-24,153.51752171295274,153.57467989917396,148.38730850559693,149.00230407714844,1286420,0.0,0.0
2014-03-25,148.54506435941747,150.14540645220487,148.3736072333687,149.2880859375,1239290,0.0,0.0
2014-03-26,149.34520760206217,151.00270767248838,148.4878871969017,150.71693420410156,1448770,0.0,0.0
2014-03-27,149.9739043566701,150.5831787992658,147.51625964250158,148.830810546875,1475210,0.0,0.0
2014-03-28,149.23090285175704,149.9167486837624,148.60219775741476,148.94512939453125,1001370,0.0,0.0
2014-03-31,150.14537548302633,150.77406311035156,149.3537774562111,150.77406311035156,1404030,0.0,0.0
2014-04-01,151.4027857264962,152.31726434798807,149.80246122055715,150.37400817871094,1739240,0.0,0.0
2014-04-02,150.6026316153266,152.26011439513277,149.9739264389229,150.14540100097656,743620,0.0,0.0
2014-04-03,149.85959980925867,150.83121904573434,148.8308049537691,149.17373657226562,756010,0.0,0.0
2014-04-04,149.97391331072262,150.0882296754182,145.97308473757408,146.03024291992188,1688410,0.0,0.0
2014-04-07,145.97308372807092,145.97308372807092,138.25720010464502,141.57217407226562,4137650,0.0,0.0
2014-04-08,141.74364298358367,142.77242923333256,136.94207651936347,137.7999725341797,4011430,0.0,0.0
2014-04-09,139.2288242892266,141.74362708782328,138.54296105223355,140.8863067626953,4474170,0.0,0.0
2014-04-10,140.88630161429933,141.457848476832,138.54295598947024,138.6572723388672,2133270,0.0,0.0
2014-04-11,137.05696495716703,137.17127260678308,133.97060609084562,135.6280975341797,3177610,0.0,0.0
2014-04-14,135.22799414139277,135.24113685899536,129.91260645857162,131.512939453125,2957810,0.0,0.0
2014-04-15,131.39861503838603,133.17041373097715,130.50529402520692,131.74154663085938,1838030,0.0,0.0
2014-04-16,132.88465417356008,136.8283242928461,132.88465417356008,136.37109375,2324880,0.0,0.0
2014-04-17,136.3711204146321,138.48584261268434,135.79957340320632,136.99981689453125,1444530,0.0,0.0
2014-04-22,137.3427263967285,139.34314061347328,136.94321217000436,138.0857391357422,2226400,0.0,0.0
2014-04-23,138.485848186886,139.80040811030074,138.20007466967044,138.77162170410156,1462000,0.0,0.0
2014-04-24,139.45745365452757,140.94347919011165,136.71402659251072,137.22842407226562,1833290,0.0,0.0
2014-04-25,136.65686813194822,137.39987212969783,133.68481725649514,134.3135223388672,1171600,0.0,0.0
2014-04-28,135.17085287620182,139.45745497586995,134.08491716606494,136.48541259765625,3216500,0.0,0.0
2014-04-29,139.628926998278,140.71486275658899,136.99980743873653,137.971435546875,1669150,0.0,0.0
2014-04-30,137.45705486630007,138.02860187198115,135.4566403464163,137.74282836914062,2105470,0.0,0.0
2014-05-01,139.00022199708818,140.6005552646486,138.20005972386534,139.28599548339844,1321080,0.0,0.0
2014-05-02,139.4003043723276,140.77202235147394,138.48583444067813,139.34315490722656,1731240,0.0,0.0
2014-05-06,139.34313370734495,140.25760349986555,137.91426648048767,138.3715057373047,1060920,0.0,0.0
2014-05-07,148.69866404935806,148.69866404935806,144.7030404829745,145.3792266845703,1371210,17.0,0.0
2014-05-08,145.68659465392372,147.40778836544771,145.50217936701915,147.3463134765625,1341260,0.0,0.0
2014-05-09,149.00603619509084,150.54281465989067,147.83808831374353,148.08396911621094,3370130,0.0,0.0
2014-05-12,148.2683701696393,148.76014110710048,145.35464448322648,145.68658447265625,5474440,0.0,0.0
2014-05-13,146.79307965883723,146.79307965883723,144.94894551583613,145.50218200683594,844970,0.0,0.0
2014-05-14,145.93246231798727,145.93246231798727,140.3385949835966,140.52301025390625,1363530,0.0,0.0
2014-05-15,141.07623783458362,141.38359347256747,134.43735417818272,135.23648071289062,3174880,0.0,0.0
2014-05-16,135.05208870832107,136.19607131726934,128.9664497802749,129.7041015625,3392630,0.0,0.0
2014-05-19,129.88850334931035,132.77764466751455,128.84226723752786,132.16293334960938,1915320,0.0,0.0
2014-05-20,132.59324664489955,139.785368124044,132.4088313495878,139.35507202148438,4495250,0.0,0.0
2014-05-21,138.9247729911313,143.4121679769721,138.9247729911313,143.22775268554688,2202670,0.0,0.0
2014-05-22,144.33420180621974,148.63718050942197,142.98183894687742,143.04330444335938,4242210,0.0,0.0
2014-05-23,143.04332492750322,144.76451853121296,142.79744414686635,143.28921508789062,3570170,0.0,0.0
2014-05-27,144.45713369255392,144.53212478297112,142.30564446734567,143.84242248535156,1477210,0.0,0.0
2014-05-28,144.08834574425921,144.08834574425921,138.98624872238574,139.04771423339844,3374270,0.0,0.0
2014-05-29,139.8468343835128,140.48982569263134,138.24858109580083,140.15419006347656,4954900,0.0,0.0
2014-05-30,140.40007472567711,141.50655707999707,137.51093313032868,140.891845703125,4574850,0.0,0.0
2014-06-02,141.69097236900893,141.75244725859662,139.72389783896858,140.891845703125,1663860,0.0,0.0
2014-06-03,140.83034860328348,141.2606445946229,135.35941294847058,135.91265869140625,2831560,0.0,0.0
2014-06-04,135.912662698475,136.83472958413697,134.91436658938593,136.6503143310547,1775880,0.0,0.0
2014-06-05,136.15856689616706,137.44946451028846,135.2364998517235,135.97415161132812,1888280,0.0,0.0
2014-06-06,136.4658993898271,136.95767027258714,135.46145954258137,136.52737426757812,8029680,0.0,0.0
2014-06-09,137.0806097102495,137.69532096455555,136.05219523050366,136.8961944580078,1349960,0.0,0.0
2014-06-10,137.14208659817544,137.14208659817544,134.64942754795067,135.1750030517578,2319420,0.0,0.0
2014-06-11,135.97415460699128,135.97415460699128,131.97853065970773,134.007080078125,4298970,0.0,0.0
2014-06-12,134.9906349674306,134.9906349674306,133.45385637891135,133.8226776123047,1277840,0.0,0.0
2014-06-13,133.39236002658714,133.4538349121402,129.0279057853377,130.87203979492188,3686980,0.0,0.0
2014-06-16,131.0564447230053,131.79409639264045,129.70408176538257,131.24085998535156,4070230,0.0,0.0
2014-06-17,131.42527226043345,133.33087158203125,130.62614572826354,133.33087158203125,3499170,0.0,0.0
2014-06-18,134.00705816095527,136.89619928205343,134.00705816095527,135.23648071289062,5419510,0.0,0.0
2014-06-19,135.6667989187387,136.40445069459463,133.51530910097063,134.007080078125,2332430,0.0,0.0
2014-06-20,134.1300253399769,134.9291520343539,134.1300253399769,134.37591552734375,3282850,0.0,0.0
2014-06-23,134.19148191760925,134.62177796208596,132.34734797292313,132.4088134765625,1950650,0.0,0.0
2014-06-24,133.0235484969619,133.1464982856515,130.68765258789062,130.68765258789062,2251950,0.0,0.0
2014-06-25,130.19586471070537,130.81057605553423,128.22879028320312,128.22879028320312,1887740,0.0,0.0
2014-06-26,128.72057123117142,134.00709334436368,128.10585979381193,131.79412841796875,2203600,0.0,0.0
2014-06-27,131.79410132406673,132.40881263505537,130.380272812593,131.6096954345703,2115960,0.0,0.0
2014-06-30,131.97854372512703,132.83914536528155,131.48677269928902,131.79412841796875,3003240,0.0,0.0
2014-07-01,132.40882533040886,133.82266335719154,131.4191396496361,133.45384216308594,1491380,0.0,0.0
2014-07-02,133.945561337163,136.03558496089448,133.26938467222638,134.4373321533203,6598580,0.0,0.0
2014-07-03,135.29795340356048,139.662397764474,135.23647852505835,139.10916137695312,4389170,0.0,0.0
2014-07-04,139.23211806479927,142.98186097870956,139.23211806479927,141.81390380859375,2540470,0.0,0.0
2014-07-07,142.49009510715138,142.49009510715138,139.72389398747748,140.15419006347656,1882600,0.0,0.0
2014-07-08,140.76889820768022,140.76889820768022,133.1464812706057,133.20794677734375,2941740,0.0,0.0
2014-07-09,133.20794508372356,133.45383524680176,128.65908493390907,130.7490997314453,3554990,0.0,0.0
2014-07-10,130.38027217008104,130.9335085953444,125.83140286333163,127.79847717285156,3806480,0.0,0.0
2014-07-11,128.53614951257285,129.5196820636657,126.87642133180496,129.08938598632812,2058850,0.0,0.0
2014-07-14,129.82702846561972,132.28587373724034,129.3352575353455,132.16293334960938,2025950,0.0,0.0
2014-07-15,131.42530650395318,132.65472937231618,130.99501037597656,130.99501037597656,1779780,0.0,0.0
2014-07-16,131.11790653190545,132.40879448013442,130.5031953052015,131.54820251464844,1808190,0.0,0.0
2014-07-17,132.16294453433846,133.82266335719154,131.48675827551813,133.45384216308594,2323480,0.0,0.0
2014-07-18,132.16294453433846,133.7611978480495,130.68764099841374,133.45384216308594,1227030,0.0,0.0
2014-07-21,134.25294804787157,135.29796479187152,131.85557766049007,134.1914825439453,1477820,0.0,0.0
2014-07-22,135.05208313053393,136.03562505271367,133.69972002235002,135.42091369628906,1089730,0.0,0.0
2014-07-23,135.1135495515042,135.85120125704034,131.6711624193352,132.16293334960938,2250250,0.0,0.0
2014-07-24,131.60970310724773,135.11355590820312,131.54822822066487,135.11355590820312,1778390,0.0,0.0
2014-07-25,134.7447121982508,135.23648310366863,132.71616307574578,133.39234924316406,1780440,0.0,0.0
2014-07-28,133.76118195154123,135.97413699243526,132.53175935779453,135.72825622558594,1737040,0.0,0.0
2014-07-29,136.035634557218,141.506562259738,135.23650786208265,139.2321319580078,4078990,0.0,0.0
2014-07-30,142.05979231999328,143.68201079481105,137.32650756835938,137.32650756835938,4475090,0.0,0.0
2014-07-31,137.32649700198488,140.09269777813742,135.35942277044856,139.84681701660156,2793360,0.0,0.0
2014-08-01,139.96977166748528,139.96977166748528,136.37678309821467,137.14210510253906,3740090,0.0,0.0
2014-08-04,137.6953415622729,138.26333236996305,136.22003808314884,137.14210510253906,1574750,0.0,0.0
2014-08-05,137.51090166205014,137.5723765375698,136.15853881835938,136.15853881835938,1606030,0.0,0.0
2014-08-06,135.23648891550593,137.6338592852898,135.23648891550593,136.58885192871094,1593160,0.0,0.0
2014-08-07,136.52738282582976,138.9247531324094,136.40443306262054,137.75680541992188,1437840,0.0,0.0
2014-08-08,136.22000076374795,139.23208178332007,136.15852589406356,138.61737060546875,2946090,0.0,0.0
2014-08-11,140.33858800106978,142.36713711404514,138.74279240535924,141.8753662109375,1072160,0.0,0.0
2014-08-12,141.19918823242188,142.18273009565593,140.76889218466337,141.19918823242188,1770260,0.0,0.0
2014-08-13,141.4450768856109,143.1662610583617,139.90829860297603,142.67449951171875,1246550,0.0,0.0
2014-08-14,142.12124362841664,148.82160209362624,142.12124362841664,148.2683563232422,1832190,0.0,0.0
2014-08-15,147.96101444574708,149.43632725752786,146.8545321818491,147.7151336669922,1942600,0.0,0.0
2014-08-18,149.68219380179627,149.68219380179627,147.8380599972567,148.39129638671875,1113470,0.0,0.0
2014-08-19,149.4363023434891,151.4648418793948,149.25188710029343,151.0345458984375,1331050,0.0,0.0
2014-08-20,150.9116516134972,153.72457351045784,150.78871120707404,152.8172607421875,3158110,0.0,0.0
2014-08-21,152.6328083386132,154.35400174938167,152.6328083386132,154.04664611816406,1167270,0.0,0.0
2014-08-22,154.04665031809782,154.16959069798682,151.89516084091628,152.6328125,1793470,0.0,0.0
2014-08-26,154.16961636234063,154.41549716305,151.64929594618891,154.2925567626953,1030760,0.0,0.0
2014-08-27,153.37045873480722,156.71203198177173,153.37045873480722,154.5384063720703,1180740,0.0,0.0
2014-08-28,153.86223877944593,156.13666869152206,153.7392983965837,155.52195739746094,1744200,0.0,0.0
2014-08-29,155.644924140721,155.644924140721,153.86533201668811,154.9072723388672,1950120,0.0,0.0
2014-09-01,154.90726163227635,156.01374394845706,154.66138084190325,155.39903259277344,755230,0.0,0.0
2014-09-02,155.46047624284324,156.94193265288916,152.44839477539062,152.44839477539062,2991240,0.0,0.0
2014-09-03,152.69427758121796,154.10811539543752,150.72720336914062,150.72720336914062,2270430,0.0,0.0
2014-09-04,150.72722594129897,151.83370828246555,149.98957417377164,151.2804718017578,2711410,0.0,0.0
2014-09-05,151.3419195854869,151.52633485070754,149.8051413415649,151.09603881835938,1804660,0.0,0.0
2014-09-08,150.78868746465886,150.91162785172446,146.7315890332419,147.65365600585938,1188770,0.0,0.0
2014-09-09,146.73160298787928,148.02250062421228,144.1498170949645,145.07188415527344,3210490,0.0,0.0
2014-09-10,145.44068392013585,146.1168606599324,142.98183894687742,143.04330444335938,1662480,0.0,0.0
2014-09-11,143.04332067170097,145.44070042046147,141.93683843225384,142.67449951171875,1097500,0.0,0.0
2014-09-12,144.02685363381335,147.53070602598044,142.18271980848857,143.5965576171875,2788430,0.0,0.0
2014-09-15,143.35069109714442,145.62512131382044,142.85892012008577,144.8260040283203,3390470,0.0,0.0
2014-09-16,144.08830973917654,145.3177322092369,143.535073379549,144.76449584960938,1375630,0.0,0.0
2014-09-17,145.74805941847063,147.34630324120275,143.35067961474678,143.6580352783203,1509240,0.0,0.0
2014-09-18,143.59657610363595,145.809531351069,143.59657610363595,144.58010864257812,1502760,0.0,0.0
2014-09-19,146.73161075248888,149.68222737756577,146.08985752232883,148.4528045654297,3271530,0.0,0.0
2014-09-22,147.4692435687337,148.65932754903466,145.31775392462276,145.68658447265625,1516040,0.0,0.0
2014-09-23,144.88745395559818,145.50216526587204,142.4900835974302,142.92037963867188,983490,0.0,0.0
2014-09-24,139.96978199864543,139.96978199864543,134.62179476739774,138.8018341064453,3756860,0.0,0.0
2014-09-25,138.55593764538455,139.41653918253508,133.14648514787166,133.9456024169922,3450990,0.0,0.0
2014-09-26,133.26938467222638,136.03558496089448,132.8390887254943,134.4373321533203,1531810,0.0,0.0
2014-09-29,133.76120412855397,135.2365077337488,132.83913703036933,134.37591552734375,1746900,0.0,0.0
2014-09-30,134.8676746226016,134.8676746226016,131.54823688306047,132.285888671875,3329350,0.0,0.0
2014-10-01,133.69973762568395,134.56032988608635,131.67118800644727,131.79412841796875,2284630,0.0,0.0
2014-10-02,131.97851594292527,131.97851594292527,127.42965601592606,127.79847717285156,2715730,0.0,0.0
2014-10-03,128.7820452188847,128.9664605247428,127.61409724803669,127.7370376586914,3654680,0.0,0.0
2014-10-06,129.33524250495145,130.07290350451237,127.85993926532814,127.98287963867188,4079200,0.0,0.0
2014-10-07,127.42964409531682,128.96642222145488,126.9845937502912,127.18375396728516,1781430,0.0,0.0
2014-10-08,135.1204479341198,135.1204479341198,130.85693865464512,131.5128631591797,4817780,13.0,0.0
2014-10-09,141.40264561506595,143.01586163174179,138.00364574573464,138.94773864746094,8101490,13.0,0.0
2014-10-10,137.96576270782887,141.82347346871276,135.7212785874599,140.42066955566406,3037400,0.0,0.0
2014-10-13,138.45675406949596,141.61306315043473,138.45675406949596,139.85955810546875,3343410,0.0,0.0
2014-10-14,140.1401326630125,140.98181298810394,137.89564822858674,140.35055541992188,1914450,0.0,0.0
2014-10-15,140.98178618608128,145.190197714024,139.80624016199738,140.06996154785156,3286690,0.0,0.0
2014-10-16,140.70125566416922,145.33050277768052,140.28041015269278,144.90966796875,3906820,0.0,0.0
2014-10-17,145.12007522333678,147.64512680360912,141.96376609926912,143.015869140625,3871010,0.0,0.0
2014-10-20,142.73532252906665,143.15616805587112,140.84153906353916,142.10406494140625,2269500,0.0,0.0
2014-10-21,141.54292758601923,147.1541436591812,141.4727831040866,145.1200714111328,4825310,0.0,0.0
2014-10-22,145.3304943259387,146.8735766073707,143.15615451654895,145.19021606445312,2701330,0.0,0.0
2014-10-23,143.64714052890142,145.68120217232808,140.35055306772384,145.4707794189453,2706240,0.0,0.0
2014-10-24,144.76937478293473,145.975787131338,144.62909651737414,145.04994201660156,1606640,0.0,0.0
2014-10-27,146.03189844885597,146.27248096854467,141.47278531806407,141.823486328125,2635870,0.0,0.0
2014-10-28,142.174181878092,143.08600660974153,140.49082137546603,142.6651611328125,2344660,0.0,0.0
2014-10-29,143.43672719995584,143.64714996716435,141.82350025475264,142.52490234375,1569520,0.0,0.0
2014-10-30,143.22630773451448,149.46879289202545,143.01588496245515,148.9076690673828,2748670,0.0,0.0
2014-10-31,150.45072604355653,151.36255076614768,147.36456158521952,147.99581909179688,3159330,0.0,0.0
2014-11-03,148.06596130780105,150.38057926489543,148.06596130780105,149.46876525878906,2792260,0.0,0.0
2014-11-04,149.8194773799632,152.5549410066504,149.67918841240336,151.4326934814453,1848420,0.0,0.0
2014-11-05,151.85352621198427,155.15011332411424,151.78338173410174,154.72927856445312,2876900,0.0,0.0
2014-11-06,156.06195246045672,156.9625502741392,150.02989069107923,150.73129272460938,2576270,0.0,0.0
2014-11-07,151.362559700211,152.20423999284202,149.8896111611975,151.4326934814453,1613010,0.0,0.0
2014-11-10,150.73128804714707,153.747318838243,150.73128804714707,153.67718505859375,964680,0.0,0.0
2014-11-11,154.09801037114437,155.15011332411424,153.68278374489955,154.72927856445312,1048720,0.0,0.0
2014-11-12,154.729283324731,154.74681409346863,151.22227337360425,151.85353088378906,1659190,0.0,0.0
2014-11-13,151.57298574829792,155.22027423078669,151.57298574829792,153.95774841308594,1367270,0.0,0.0
2014-11-14,154.0279001412913,156.4126629182187,153.6070546147529,156.2723846435547,1424200,0.0,0.0
2014-11-17,155.71124127137685,156.48278773887463,154.72928276960238,156.34249877929688,1084740,0.0,0.0
2014-11-18,156.76335569622972,159.56896385186693,155.99180917241117,158.44671630859375,1191810,0.0,0.0
2014-11-19,158.86754409950848,159.84950256347656,158.23628661589248,159.84950256347656,1695300,0.0,0.0
2014-11-20,160.4106628223478,161.74333327286345,159.07800307437918,161.04193115234375,2156730,0.0,0.0
2014-11-21,161.3926251384335,164.05794451754437,160.76135683610735,162.51486206054688,2341550,0.0,0.0
2014-11-24,162.09401897164446,163.98780237706643,161.8835962149207,162.8655548095703,1587700,0.0,0.0
2014-11-25,163.0759568631386,164.82946177564546,156.9036174306055,157.324462890625,3803870,0.0,0.0
2014-11-26,154.79939938132156,155.64107953273032,150.52085415226713,153.3264617919922,6049870,0.0,0.0
2014-11-27,152.90563140799307,154.30843536586457,152.3445076843355,153.25633239746094,1240160,0.0,0.0
2014-11-28,154.23827975459162,154.23827975459162,151.92366195320028,153.1160430908203,1765980,0.0,0.0
2014-12-01,152.6250579876609,154.77975829231943,151.29238795380647,152.06393432617188,2512380,0.0,0.0
2014-12-02,152.41467009841975,152.9056494009411,151.22228873442623,151.92369079589844,2155040,0.0,0.0
2014-12-03,151.85354501069165,153.51446242382892,151.50284398295335,152.62509155273438,1677660,0.0,0.0
2014-12-04,152.90564242398324,154.86957024700223,152.7653641585988,153.39662170410156,1192970,0.0,0.0
2014-12-05,155.00985164649694,156.00584126417345,153.88760409563972,154.02789306640625,1274760,0.0,0.0
2014-12-08,154.79941461061063,154.79941461061063,152.76535315271488,153.25633239746094,1030530,0.0,0.0
2014-12-09,152.9758046541065,152.9758046541065,148.9076702707548,150.0299072265625,1877820,0.0,0.0
2014-12-10,150.73129272460938,151.713261993079,150.45073619221557,150.73129272460938,982290,0.0,0.0
2014-12-11,151.1521066736292,151.71323032383117,149.67915842966696,151.5028076171875,2027720,0.0,0.0
2014-12-12,150.3805790889938,150.94170280924163,147.7853939232106,149.39862060546875,979600,0.0,0.0
2014-12-15,149.0479080571197,151.2222582909706,147.3645477294922,147.3645477294922,1372040,0.0,0.0
2014-12-16,148.06597372511575,150.8014373779297,148.06597372511575,150.8014373779297,1499680,0.0,0.0
2014-12-17,150.45071594618213,151.71324157714844,149.18819031521582,151.71324157714844,1089250,0.0,0.0
2014-12-18,152.9757883951784,155.15012828614016,150.45073678352747,154.58900451660156,1821600,0.0,0.0
2014-12-19,154.86956137012007,157.81544758452213,154.86956137012007,156.4827880859375,2148590,0.0,0.0
2014-12-22,156.48280204970823,158.72728647513273,155.99181205137344,157.1842041015625,1356980,0.0,0.0
2014-12-23,158.23629886558848,158.23629886558848,155.0098453155587,157.53489685058594,913300,0.0,0.0
2014-12-29,156.2022398819184,160.20022956685966,154.30845642089844,154.30845642089844,2152070,0.0,0.0
2014-12-30,154.16817424979664,158.09601934697696,153.9577514922138,156.41265869140625,791200,0.0,0.0
2015-01-02,157.4647677877675,162.16415960796218,157.1140667459239,161.32247924804688,1261520,0.0,0.0
2015-01-05,160.41064127585827,160.62106402425943,155.99180636961626,156.13209533691406,1971520,0.0,0.0
2015-01-06,156.83347545137792,158.09599036030264,152.90562037181817,153.1160430908203,1592720,0.0,0.0
2015-01-07,153.2563575105071,155.08000723558666,152.34453264796727,154.16818237304688,1409490,0.0,0.0
2015-01-08,156.06194692810465,159.21825596710002,153.11606063221802,158.16615295410156,1408230,0.0,0.0
2015-01-09,156.4126407432311,156.693197252784,149.11806446940773,151.2924041748047,2630810,0.0,0.0
2015-01-12,151.011840174746,152.55492230583639,149.04791259765625,149.04791259765625,2241770,0.0,0.0
2015-01-13,149.04793918547665,152.134103998181,148.90766091263484,151.1521453857422,1301230,0.0,0.0
2015-01-14,149.5389056991195,150.87157593347638,148.13610168561453,149.67918395996094,1715220,0.0,0.0
2015-01-15,150.73127226350596,151.64309692382812,149.6090355837238,151.64309692382812,1848680,0.0,0.0
2015-01-16,151.4327019314258,152.97579504032416,150.24032055845123,151.1521453857422,3372650,0.0,0.0
2015-01-19,152.2042433058754,154.30844943452806,151.7132640163656,153.95774841308594,2094950,0.0,0.0
2015-01-20,154.30844009079357,155.50082135098614,152.9056360899682,155.07998657226562,962430,0.0,0.0
2015-01-21,153.74732225829428,158.16615717121425,153.74732225829428,158.02587890625,2053900,0.0,0.0
2015-01-22,157.81545267476662,162.93568950205702,157.3946071866158,162.02386474609375,2510920,0.0,0.0
2015-01-23,162.58498077136645,165.46072246194703,162.51483629249222,164.33848571777344,2238860,0.0,0.0
2015-01-26,163.35653443474996,165.11003957339068,162.58499859527566,164.82948303222656,1932360,0.0,0.0
2015-01-27,166.23227187001984,171.42264232249613,164.82946788799435,171.35250854492188,2748640,0.0,0.0
2015-01-28,171.5629287968008,172.4046090333112,163.5669397935898,166.3024139404297,3228020,0.0,0.0
2015-01-29,165.88156847090207,166.58297045175155,163.91764078401454,166.3024139404297,954070,0.0,0.0
2015-01-30,166.86352479340343,168.33647321505302,163.14610290527344,163.14610290527344,2646510,0.0,0.0
2015-02-02,163.91766915170336,164.33851469406278,162.02388561617943,163.07598876953125,2114190,0.0,0.0
2015-02-03,163.1461097601198,170.160129772119,163.1461097601198,169.94970703125,1618130,0.0,0.0
2015-02-04,170.65110872111,170.65110872111,166.93367598102355,168.05592346191406,1249140,0.0,0.0
2015-02-05,166.6531279187936,172.3344779849176,166.6531279187936,171.4226531982422,2652120,0.0,0.0
2015-02-06,171.63305843087917,173.52684159295606,169.0378733048816,172.8955841064453,1183680,0.0,0.0
2015-02-09,171.8434974239756,174.43868279558367,169.3885903179188,172.12405395507812,1883810,0.0,0.0
2015-02-10,172.54489882132364,177.9456922943275,170.93167201703793,176.68316650390625,3416280,0.0,0.0
2015-02-11,176.96374760487686,178.436685557012,175.06996412210515,175.4907989501953,1254420,0.0,0.0
2015-02-12,174.85951266146145,182.083955068179,174.5088116776649,181.38255310058594,3288740,0.0,0.0
2015-02-13,181.3825517190936,184.3985715947367,180.2266340931942,182.01380920410156,1427050,0.0,0.0
2015-02-16,182.0137999994156,185.45066515962006,182.0137999994156,183.13604736328125,2009670,0.0,0.0
2015-02-17,181.66312582525805,183.34648641675184,180.4006107329105,180.54087829589844,3373110,0.0,0.0
2015-02-18,182.29438542332926,183.9777460337709,181.7332723548792,183.767333984375,1834160,0.0,0.0
2015-02-19,183.90762587584726,184.39859446726837,182.36453280545666,182.50482177734375,1752280,0.0,0.0
2015-02-20,183.20621359298715,183.41662563397264,181.5228316447405,183.27633666992188,1559110,0.0,0.0
2015-02-23,184.60900739945592,185.87152238570036,183.06591450063317,185.24026489257812,1812950,0.0,0.0
2015-02-24,185.09999101418848,185.94168201030698,182.3014037704949,185.17013549804688,1353720,0.0,0.0
2015-02-25,185.1701123743182,186.78332827614994,184.53885490860526,185.66110229492188,1187540,0.0,0.0
2015-02-26,187.7653280828921,188.7472866234249,184.7492865736453,187.4146270751953,1776480,0.0,0.0
2015-02-27,187.97574008654743,215.61097520631273,187.97574008654743,212.4546661376953,9462590,0.0,0.0
2015-03-02,211.82342943997938,218.55689372968604,210.17513026100067,213.5067901611328,3260600,0.0,0.0
2015-03-03,214.8394679818263,216.22615423244295,208.0358800332557,208.2462921142578,2202130,0.0,0.0
2015-03-04,211.68313387336212,213.92762903511166,209.99977320459607,213.29637145996094,2822880,0.0,0.0
2015-03-05,208.5969825233806,214.5589004380995,208.5969825233806,213.92764282226562,2183610,0.0,0.0
2015-03-06,212.4546659668616,216.73322253745408,212.384521484375,212.384521484375,1709060,0.0,0.0
2015-03-09,212.17405421621848,213.15601250016906,208.87745704322165,209.0177459716797,1723700,0.0,0.0
2015-03-10,203.82744516291146,207.8254241059083,200.11000136089515,204.10800170898438,2693000,0.0,0.0
2015-03-11,204.10795556984652,205.3003473774786,202.49473974077966,203.96766662597656,3389910,0.0,0.0
2015-03-12,204.87953421560533,206.07190480592564,202.14407062005765,203.40658569335938,2266090,0.0,0.0
2015-03-13,203.1961416499544,204.1781000417815,202.49473974077966,203.96766662597656,2153700,0.0,0.0
2015-03-16,204.3885556475892,206.28234976833312,203.82744256260173,205.51080322265625,1700640,0.0,0.0
2015-03-17,205.51076190954055,206.79012260362603,200.60094848508055,202.635009765625,2682710,0.0,0.0
2015-03-18,203.68714556330156,206.77331021931843,200.26781066147285,205.931640625,6645510,0.0,0.0
2015-03-19,207.3344288415648,210.8414387292601,207.3344288415648,210.42059326171875,2699020,0.0,0.0
2015-03-20,210.42061141995973,211.8234154960928,208.59696183996846,209.15809631347656,1935270,0.0,0.0
2015-03-23,210.2102145418649,210.2102145418649,207.7553072314565,209.0879669189453,623820,0.0,0.0
2015-03-24,209.43864157766447,210.9817131353223,208.10598205806758,210.70115661621094,1035440,0.0,0.0
2015-03-25,209.71924944872802,212.03386805451856,207.96574401855472,207.9657440185547,1406180,0.0,0.0
2015-03-26,207.6150123841417,208.03585790647938,202.14408480902898,204.248291015625,1041310,0.0,0.0
2015-03-27,204.24830476157203,207.33446979126052,200.74129418122288,201.0919952392578,1212270,0.0,0.0
2015-03-30,202.77529483441714,210.77127226321895,202.073892930047,210.2101593017578,2379870,0.0,0.0
2015-03-31,210.42057131103388,212.45463255268973,207.895520174284,210.2101593017578,2333960,0.0,0.0
2015-04-01,210.21019236292625,213.4366245064015,208.8073883335576,212.384521484375,2500040,0.0,0.0
2015-04-02,212.80535800600896,214.20816197625965,210.84144100969397,213.6470489501953,1287320,0.0,0.0
2015-04-07,215.11999114187245,217.0839080810547,213.08590832011103,217.0839080810547,1971400,0.0,0.0
2015-04-08,218.83741795102134,223.39653082500095,217.3588613772057,218.9777069091797,1462060,0.0,0.0
2015-04-09,220.73123168945312,222.76529333493465,219.18813863145107,220.73123168945312,1850120,0.0,0.0
2015-04-10,220.94163155930048,223.11598205566406,219.6791165124264,223.11598205566406,1441990,0.0,0.0
2015-04-13,222.8353958468652,225.57085902071339,221.0818910681051,222.27426147460938,1768040,0.0,0.0
2015-04-14,222.48472720870046,223.18612922208843,219.88953119712866,221.7833251953125,1009890,0.0,0.0
2015-04-15,221.57289157738646,223.3965410918071,221.02930929844808,221.7131805419922,6216920,0.0,0.0
2015-04-16,220.3805020559007,220.92408428811575,215.9967398524104,219.1179656982422,1658110,0.0,0.0
2015-04-17,218.20616992673257,221.43262345869985,216.5228093811685,217.9256134033203,1015950,0.0,0.0
2015-04-20,218.9075897334495,219.60899180154445,215.19014592949085,216.4526824951172,1120850,0.0,0.0
2015-04-21,218.4165731918787,223.06336132854517,217.57839268509994,222.76527404785156,1049140,0.0,0.0
2015-04-22,223.8173567648578,225.07987165776126,220.66104812751126,220.9416046142578,1123790,0.0,0.0
2015-04-23,221.92362569354083,222.414615737823,219.3985737895498,220.24026489257812,848060,0.0,0.0
2015-04-24,221.01175630423353,222.27427123836372,219.4686634691068,221.36245727539062,968110,0.0,0.0
2015-04-27,220.94163475337174,225.57089233398438,219.67911968824595,225.57089233398438,1016420,0.0,0.0
2015-04-28,225.570835244687,226.34238154703505,220.02976500887263,222.62493896484375,2028980,0.0,0.0
2015-04-29,222.34445541604413,224.57771292076154,216.24224886624822,216.38253784179688,1100960,0.0,0.0
2015-04-30,217.71517224075333,222.9756871373812,214.62900778241632,221.9937286376953,2349810,0.0,0.0
2015-05-01,223.81740614001833,223.81740614001833,218.27633403530794,219.67913818359375,943910,0.0,0.0
2015-05-05,222.20415164154625,222.20415164154625,219.117987030848,220.3103790283203,2584730,0.0,0.0
2015-05-06,217.85545911226356,221.2221800518052,215.96166520559032,218.83741760253906,1793300,0.0,0.0
2015-05-07,231.7413271210376,236.57083884249914,227.6664273257085,235.06161499023438,2445740,22.0,0.0
2015-05-08,243.36230286872794,248.72005119658402,239.58924390952285,243.73960876464844,3706490,0.0,0.0
2015-05-11,241.7776262673443,243.89055321342857,240.11749405498398,241.09848022460938,1163790,0.0,0.0
2015-05-12,240.79663094802353,241.40031117886605,234.00512472088425,235.74072265625,1980490,0.0,0.0
2015-05-13,236.87264438873157,243.06047049025074,236.49533848080785,240.87210083007812,2089870,0.0,0.0
2015-05-14,239.43831108515448,243.6641417031097,239.2874025449315,239.89108276367188,1760100,0.0,0.0
2015-05-15,240.34386035205725,244.87153119071453,240.34386035205725,244.64515686035156,1949850,0.0,0.0
2015-05-18,244.11690627094657,245.70159558513618,243.06045440446135,243.5886688232422,1595460,0.0,0.0
2015-05-19,243.4378033033055,245.45638092222381,243.28687171188477,243.8151092529297,1594010,0.0,0.0
2015-05-20,244.56969206213682,247.1353676086246,240.34386132319676,246.98443603515625,1463330,0.0,0.0
2015-05-21,245.24881640149698,247.3617200696946,241.6266892477517,245.7770538330078,973370,0.0,0.0
2015-05-22,246.22983489113798,248.4182276565951,245.02247436679374,247.58815002441406,1087190,0.0,0.0
2015-05-26,246.6071384804622,248.41822530770577,245.55068651718722,247.1353759765625,1194520,0.0,0.0
2015-05-27,246.22988003174694,249.7765655517578,246.22988003174694,249.7765655517578,2422710,0.0,0.0
2015-05-28,249.70105950656128,251.28574901605137,249.02191343933018,250.83297729492188,2185790,0.0,0.0
2015-05-29,250.90842886645441,255.66247409656458,250.90842886645441,252.4931182861328,2327230,0.0,0.0
2015-06-01,254.22876014377505,255.209769491481,252.41769607814814,255.058837890625,1164160,0.0,0.0
2015-06-02,256.7189204769796,256.7189204769796,250.60656084106628,252.94586181640625,1701330,0.0,0.0
2015-06-03,254.07780639440364,256.26617604412866,253.62503470127177,253.70050048828125,1571960,0.0,0.0
2015-06-04,252.04032755596322,253.13452381829944,248.0408944440397,248.19180297851562,1216010,0.0,0.0
2015-06-05,248.19181613645426,248.19181613645426,242.15492174321037,244.1923828125,1805430,0.0,0.0
2015-06-08,243.96597765449246,246.00343865863348,243.81506911684144,244.87152099609375,2007480,0.0,0.0
2015-06-09,244.04151264972933,245.70166823718932,242.00407409667972,242.0040740966797,1307760,0.0,0.0
2015-06-10,242.38136202521446,246.53172765558506,241.0985125278921,245.9280242919922,4935940,0.0,0.0
2015-06-11,246.38075621996057,247.58813972299498,244.72060102467267,245.6261444091797,1197650,0.0,0.0
2015-06-12,245.09794844589763,246.45626375273596,244.1169621372884,245.55072021484375,1420920,0.0,0.0
2015-06-15,243.28683850637958,246.2298199059838,243.28683850637958,244.72059631347656,1673830,0.0,0.0
2015-06-16,245.02245456862667,248.1918102323306,243.51323100621792,246.68258666992188,1822440,0.0,0.0
2015-06-17,248.34274291992185,249.62556913639918,246.4373527695742,248.34274291992188,7631970,0.0,0.0
2015-06-18,247.3617111094367,249.24824039803497,245.9279534558864,247.66357421875,2273590,0.0,0.0
2015-06-19,247.21080799439602,250.15378914323784,247.21080799439602,250.0783233642578,2939880,0.0,0.0
2015-06-22,252.34219094409042,256.0775287082081,252.34219094409042,254.7569580078125,1005140,0.0,0.0
2015-06-23,256.6434870668387,257.09625876899725,253.3231996325513,253.9268798828125,1097960,0.0,0.0
2015-06-24,253.09683833709266,255.05883397344334,251.13484270074196,252.7949981689453,1640780,0.0,0.0
2015-06-25,252.64407766269204,259.1337451929663,251.32350671875548,258.7564392089844,1795190,0.0,0.0
2015-06-26,257.7753978130273,258.8318497367802,254.0778045654297,254.0778045654297,1299340,0.0,0.0
2015-06-29,249.474662038113,251.51210005096806,243.28683615701794,249.32373046875,1301090,0.0,0.0
2015-06-30,248.41821838017884,249.17283019417826,244.26785340318202,247.2863006591797,1701870,0.0,0.0
2015-07-01,248.19180861702128,250.38017816248657,247.13535673599569,249.24826049804688,2015450,0.0,0.0
2015-07-02,248.49371146396632,249.32378923325996,245.85256958007812,245.85256958007812,1003610,0.0,0.0
2015-07-03,247.21085833877777,249.02192225850877,246.98446095573192,248.1163787841797,865120,0.0,0.0
2015-07-06,246.07896698748348,247.51272511866543,245.4752635966655,245.85256958007812,1115970,0.0,0.0
2015-07-07,247.28633305035478,247.28633305035478,240.0420540812725,240.19296264648438,1871030,0.0,0.0
2015-07-08,241.8531182598749,241.8531182598749,236.87267502533678,238.0045928955078,1177630,0.0,0.0
2015-07-09,238.00458041242268,240.7211877641356,236.79116322962182,239.2874298095703,1566540,0.0,0.0
2015-07-10,242.38134018410435,246.60714820382174,240.04203879745086,246.0789337158203,1089660,0.0,0.0
2015-07-13,248.11636372785807,259.7751258649581,246.53169728733445,258.37908935546875,3201890,0.0,0.0
2015-07-14,259.88829423256504,259.88829423256504,254.07779730353363,255.58702087402344,1568960,0.0,0.0
2015-07-15,255.4361114501953,256.26618909171236,254.37965946504914,255.4361114501953,1134200,0.0,0.0
2015-07-16,255.51158551725499,258.15272708013197,255.51158551725499,257.7754211425781,918340,0.0,0.0
2015-07-17,257.0962750607666,258.7564073686474,256.64350332991654,257.7754211425781,592860,0.0,0.0
2015-07-20,258.3790437288745,261.5484221080996,258.22813520491053,261.24658203125,951590,0.0,0.0
2015-07-21,261.92583133246126,261.92583133246126,258.3036798939906,258.98284912109375,1357720,0.0,0.0
2015-07-22,258.98283661673133,260.56750332631145,256.56806910767546,258.7564392089844,2035180,0.0,0.0
2015-07-23,259.8882715813065,261.85026665772523,258.22813961581545,260.64288330078125,2169400,0.0,0.0
2015-07-24,258.831849556755,261.85029678190665,258.831849556755,259.8128356933594,1443650,0.0,0.0
2015-07-27,258.2281765099311,260.03924028964,253.7759483057845,253.9268798828125,1394180,0.0,0.0
2015-07-28,255.81346130371094,256.56807328395786,253.9269313530936,255.81346130371094,1184670,0.0,0.0
2015-07-29,263.35950792069497,274.6032186960516,261.2466041747345,269.6982421875,3269660,0.0,0.0
2015-07-30,270.1510341485518,273.0185498804579,266.15160067579984,267.73626708984375,2353160,0.0,0.0
2015-07-31,269.4719028737117,276.8670899741704,268.943665354139,274.9805603027344,3097610,0.0,0.0
2015-08-03,274.37688463589564,276.9425604264314,273.6222727546247,275.8861083984375,1291570,0.0,0.0
2015-08-04,276.71621068037445,279.65919267324784,274.2705153822396,279.2064208984375,2432740,0.0,0.0
2015-08-05,280.33827028992357,280.866507736225,278.30080931581637,280.715576171875,2221040,0.0,0.0
2015-08-06,280.41374807167733,282.375743347568,279.2818303773855,280.1119079589844,1398130,0.0,0.0
2015-08-07,280.4137731254029,280.4137731254029,272.79218869709837,273.16949462890625,1524970,0.0,0.0
2015-08-10,273.6977289173847,275.81063289902147,271.8111992805925,274.7541809082031,1401570,0.0,0.0
2015-08-11,273.47133476856726,274.6787183561378,271.1320333855731,273.16949462890625,1254250,0.0,0.0
2015-08-12,270.7547274537652,274.225946632183,269.1700609633133,273.16949462890625,2116470,0.0,0.0
2015-08-13,277.92353413030145,284.7905065460542,277.5243507269745,281.5456848144531,1912330,0.0,0.0
2015-08-14,283.13038952552535,285.2432935998795,282.22484604855805,283.73406982421875,930810,0.0,0.0
2015-08-17,286.2242710086485,287.6580519744167,281.39475968137447,284.2622985839844,1029680,0.0,0.0
2015-08-18,283.96040999148266,286.5261085243495,283.35672976546954,284.4886474609375,914690,0.0,0.0
2015-08-19,284.41320247552824,284.41320247552824,280.71560900570074,283.35675048828125,1079450,0.0,0.0
2015-08-20,281.4702583496595,284.33777455827203,280.56471479487175,281.0174865722656,1337720,0.0,0.0
2015-08-21,276.5652213561014,279.8855086301715,273.24493408203125,273.24493408203125,1949140,0.0,0.0
2015-08-24,267.7362625259778,267.98076062269223,248.9464329540149,258.9073181152344,3714710,0.0,0.0
2015-08-25,260.19012346646883,273.54676071864503,258.3790598633576,272.86761474609375,3064860,0.0,0.0
2015-08-26,267.2835375577343,281.8475376546924,265.3668169312066,275.8861083984375,2504160,0.0,0.0
2015-08-27,281.77206238350675,284.26229532529925,277.7726287588608,279.96099853515625,2877860,0.0,0.0
2015-08-28,280.1119610382507,281.6211849166272,277.62172782157216,280.7911071777344,1981520,0.0,0.0
2015-09-01,278.45179143721685,280.5646955482046,275.58427542531524,278.7536315917969,1866390,0.0,0.0
2015-09-02,279.96096758434993,282.82848310814575,273.9995391876647,275.584228515625,3005740,0.0,0.0
2015-09-03,278.3762985806129,283.43220703682624,278.30083279207196,283.0549011230469,1902120,0.0,0.0
2015-09-04,282.4511855544801,282.4511855544801,276.11245108456416,279.2818298339844,1866710,0.0,0.0
2015-09-07,280.7156126788843,282.73193336347833,277.6971652307243,282.6021423339844,713520,0.0,0.0
2015-09-08,284.1868323222783,285.16781853298977,281.7901889133164,283.4322204589844,1406910,0.0,0.0
2015-09-09,288.6390418056423,288.6390418056423,284.337744912262,287.8844299316406,1335040,0.0,0.0
2015-09-10,284.9414660676193,288.2617539153084,281.696620988912,282.45123291015625,1583850,0.0,0.0
2015-09-11,282.30030498161267,283.43222278584614,279.2063917109225,280.1873779296875,1525590,0.0,0.0
2015-09-14,281.09295237331946,284.11140018403967,280.7911121980333,281.0174865722656,1386270,0.0,0.0
2015-09-15,282.45117401728226,282.45117401728226,278.67811519776785,280.715576171875,1075120,0.0,0.0
2015-09-16,280.9419990458958,282.9794603721462,279.2064009005176,281.99847412109375,1451450,0.0,0.0
2015-09-17,282.8284945149627,283.80950367608614,281.2438281520146,282.7530517578125,1093130,0.0,0.0
2015-09-18,281.7720280355544,285.1677809731174,280.4137360720986,280.715576171875,10234390,0.0,0.0
2015-09-21,280.791110387454,285.24331627377205,280.1874070118452,284.4132385253906,1996830,0.0,0.0
2015-09-22,283.80952263159577,284.035896976015,278.2253995229673,278.30084228515625,2633130,0.0,0.0
2015-09-23,279.5081927438457,281.0928820538265,275.50875960672977,280.715576171875,1048880,0.0,0.0
2015-09-24,280.4892704222452,282.9794806403083,278.9800465254969,279.2064208984375,3798700,0.0,0.0
2015-09-25,282.7530489609141,289.2426919785121,281.77203980949446,288.7144775390625,1696580,0.0,0.0
2015-09-28,287.88438268589556,289.695446280494,284.0358581542969,284.0358581542969,1097860,0.0,0.0
2015-09-29,280.71556501372913,280.9419393223325,273.9995251877336,274.3768310546875,2471830,0.0,0.0
2015-09-30,280.18735591670844,280.18735591670844,274.75416470060367,275.2823791503906,2890330,0.0,0.0
2015-10-01,279.4327831384878,280.5647010119015,274.1504997292239,274.603271484375,1386310,0.0,0.0
2015-10-02,276.036982787514,279.5082016174535,273.6222388837174,276.64068603515625,1669970,0.0,0.0
2015-10-05,280.6401564783288,283.96044417899697,280.6401564783288,283.73406982421875,1317530,0.0,0.0
2015-10-06,285.2432801186959,286.2242663149411,283.35675048828125,283.35675048828125,1176730,0.0,0.0
2015-10-07,285.69602153831613,285.69602153831613,270.11329304939204,270.5283203125,1850460,0.0,0.0
2015-10-08,278.74294266630994,284.27198951360606,276.45234236480496,278.427001953125,1777190,16.0,0.0
2015-10-09,278.2689929425277,279.45378858225695,274.95157961412303,276.9262390136719,1832910,0.0,0.0
2015-10-12,276.6892427539564,277.79507121088733,273.8457527353542,277.2421569824219,4058530,0.0,0.0
2015-10-13,277.9530405147556,279.5327679676439,275.42549105297104,277.0052185058594,1180830,0.0,0.0
2015-10-14,274.8726116663373,278.1860962041747,274.3908063023655,276.7682800292969,1087870,0.0,0.0
2015-10-15,278.3480050400673,285.06184750266266,277.5581412209384,284.0350341796875,2005150,0.0,0.0
2015-10-16,285.69372177501145,288.7741855117632,284.62740091486285,288.3002624511719,1361290,0.0,0.0
2015-10-19,288.3792601146461,293.1184426174185,288.2212777226622,292.7235107421875,1218820,0.0,0.0
2015-10-20,292.96049056582405,297.38373284744944,292.96049056582405,294.9351501464844,1058740,0.0,0.0
2015-10-21,295.6460220918085,295.88299570377916,290.1169752787283,294.7771911621094,897200,0.0,0.0
2015-10-22,293.2763931603588,295.0930942012866,291.5252810845266,294.6191711425781,998740,0.0,0.0
2015-10-23,296.5938370152524,300.1482238769531,295.80397326820776,300.1482238769531,1107590,0.0,0.0
2015-10-26,301.5699611733719,301.5699611733719,297.3836930642916,300.9380798339844,876700,0.0,0.0
2015-10-27,301.80693465908297,303.70260278137613,298.7264709472656,298.7264709472656,999960,0.0,0.0
2015-10-28,298.80543813027754,301.25402050367813,297.85761612119626,300.9380798339844,1292300,0.0,0.0
2015-10-29,300.54313655448374,304.41346384685494,300.54313655448374,304.33447265625,1360400,0.0,0.0
2015-10-30,304.7294350836507,304.7294350836507,300.2272260241048,303.22869873046875,1511230,0.0,0.0
2015-11-02,301.80696442424914,308.1132439795305,301.7374463819075,305.203369140625,1079780,0.0,0.0
2015-11-03,305.2033574537651,306.9410673984632,304.09755299110697,304.1765441894531,902870,0.0,0.0
2015-11-04,304.01858127128895,305.20337700820335,300.1482533516481,304.41351318359375,1053850,0.0,0.0
2015-11-05,304.5714946469701,309.1526951736227,302.20190318048134,307.5729675292969,929650,0.0,0.0
2015-11-06,307.5729706866833,309.5476302623614,303.4656932321114,308.1258850097656,1033090,0.0,0.0
2015-11-09,306.86211898275275,308.7577874837074,302.9917907714844,302.9917907714844,979590,0.0,0.0
2015-11-10,305.91425269902237,306.3881758194898,303.78163481401583,306.0722351074219,862440,0.0,0.0
2015-11-11,306.4671590858126,309.62661433411995,304.1765588517359,307.9678955078125,676820,0.0,0.0
2015-11-12,307.0200617252252,309.94254325597717,306.3881562367464,308.046875,1505580,0.0,0.0
2015-11-13,306.7040788233148,307.256993080003,304.09753813830633,305.9142150878906,1723020,0.0,0.0
2015-11-16,302.3598461273389,309.38965307137903,301.4372858084165,308.046875,1496950,0.0,0.0
2015-11-17,311.5222778876855,312.470124089543,308.04688198875834,310.4164733886719,1562290,0.0,0.0
2015-11-18,309.863563909163,311.04835962755857,306.0722272521894,306.8620910644531,5188860,0.0,0.0
2015-11-19,309.8635710725062,312.90930027300595,305.99324312388694,307.02008056640625,1190620,0.0,0.0
2015-11-20,306.4671739962317,308.8991726982909,305.28237822047305,307.3360290527344,1244090,0.0,0.0
2015-11-23,307.020073541963,307.6519549500323,303.2287127793553,305.75628662109375,1326010,0.0,0.0
2015-11-24,306.15117397998813,306.15117397998813,297.77861396532273,300.0692138671875,1414280,0.0,0.0
2015-11-25,301.8859859824471,306.86211880770594,301.56609207374805,304.09759521484375,1317280,0.0,0.0
2015-11-26,304.09755295279797,307.4149904450839,301.72796163108785,306.3881530761719,1167680,0.0,0.0
2015-11-27,306.15121749375993,311.44329055648365,304.8874305771572,311.1273498535156,861910,0.0,0.0
2015-11-30,311.68028489008503,317.3672902359072,309.1527108887871,316.0245361328125,1814040,0.0,0.0
2015-12-01,316.65634896461233,321.6325046817488,316.65634896461233,320.1317443847656,1524050,0.0,0.0
2015-12-02,322.58037084990804,324.792003951038,321.7905070505181,323.6072082519531,1183200,0.0,0.0
2015-12-03,323.6862017735941,330.2183913548591,322.5803971851172,325.10797119140625,2407710,0.0,0.0
2015-12-04,323.05427653982275,324.2390721750544,318.39408519552416,319.4208984375,2028960,0.0,0.0
2015-12-07,320.1317471017955,325.02891167043407,320.1317471017955,322.7383117675781,1428330,0.0,0.0
2015-12-08,324.160065647471,324.5549975072035,314.6817010138916,315.6295471191406,2342340,0.0,0.0
2015-12-09,317.76220818432387,319.65790065424574,310.8904073474159,312.3911437988281,1463030,0.0,0.0
2015-12-10,313.4968910701522,315.2346008152437,307.4149551717852,313.1019592285156,1075560,0.0,0.0
2015-12-11,314.3658125012892,314.3658125012892,306.38818279023474,307.3360290527344,1984530,0.0,0.0
2015-12-14,307.3360023867129,311.1273388982923,306.3881562064532,309.1526794433594,2054620,0.0,0.0
2015-12-15,312.3910898854862,314.1287996481053,307.4939253579064,312.549072265625,1994370,0.0,0.0
2015-12-16,314.91871595708875,317.20931622346154,313.0230234975918,316.4984436035156,1525920,0.0,0.0
2015-12-17,321.711529349728,322.89632509853095,315.23466038577743,318.31512451171875,1847580,0.0,0.0
2015-12-18,319.57890542981806,319.57890542981806,312.07519916243234,312.78607177734375,2049950,0.0,0.0
2015-12-21,311.75929303713303,316.5774435752641,310.5744971792844,311.2853698730469,2087800,0.0,0.0
2015-12-22,314.7607006387574,316.8143511853261,308.8367225840756,313.891845703125,2019580,0.0,0.0
2015-12-23,316.49840540561377,320.05279218109854,315.3136098137855,319.4998779296875,1682050,0.0,0.0
2015-12-29,318.552000320841,326.8455686436991,316.18240937145293,326.7666015625,1396910,0.0,0.0
2015-12-30,325.9768111636119,328.3464026454756,324.71302421900504,326.84564208984375,731680,0.0,0.0
2016-01-04,322.8173302730128,325.58185344944764,319.81583350433175,323.2912292480469,1681270,0.0,0.0
2016-01-05,327.082581901448,332.9275687984345,322.4223906229613,324.0810852050781,2153330,0.0,0.0
2016-01-06,329.29419400062574,329.29419400062574,320.28975203201543,323.5281982421875,1950790,0.0,0.0
2016-01-07,318.4731061401024,321.3955878504864,313.81289025577325,319.2629699707031,2649120,0.0,0.0
2016-01-08,321.55350923393024,325.8187682887651,321.0005950155496,323.6861267089844,2402140,0.0,0.0
2016-01-11,323.92315288056665,327.71448952174245,317.4462600051,323.2122802734375,2110350,0.0,0.0
2016-01-12,325.1079641006751,325.50289602399835,322.5013989439024,324.9499816894531,2944250,0.0,0.0
2016-01-13,326.29272460492257,333.2435160622781,325.10792896300546,329.6101379394531,2821510,0.0,0.0
2016-01-14,325.66083913262054,327.3519547119392,310.4954684475795,311.1273498535156,2836370,0.0,0.0
2016-01-15,311.99621810805957,317.2883155001395,299.5163790256298,303.4656982421875,3749050,0.0,0.0
2016-01-18,303.3076593137255,307.6519096424377,299.12139136613,302.12286376953125,2683300,0.0,0.0
2016-01-19,305.2823595375512,307.41500144529425,301.2698620286241,307.25701904296875,2318490,0.0,0.0
2016-01-20,301.727954597669,306.54612832711155,298.64749077219875,300.7011413574219,2133000,0.0,0.0
2016-01-21,302.596838961339,305.83528549456827,291.6967036132552,294.9351501464844,3875740,0.0,0.0
2016-01-22,300.3851617109104,302.59679457971026,297.3046980378356,301.3330078125,7859950,0.0,0.0
2016-01-25,304.41351613781893,307.96790338305624,303.70264350971775,307.17803955078125,2248380,0.0,0.0
2016-01-26,304.65048301484774,305.5193139273563,298.0156076866431,302.5968322753906,1504610,0.0,0.0
2016-01-27,302.2808688816115,303.7026139996664,301.2540315365907,302.9127502441406,1828380,0.0,0.0
2016-01-28,303.70266182896927,303.939611351052,295.9138200870588,297.06781005859375,1532940,0.0,0.0
2016-01-29,301.1750384100786,314.60272216796875,295.5670250655663,314.60272216796875,3666320,0.0,0.0
2016-02-01,314.60274415084024,315.43211560961714,307.3360116016445,315.2346496582031,2533380,0.0,0.0
2016-02-02,315.4715757884196,320.7636725361767,315.3925845927595,318.71002197265625,3218830,0.0,0.0
2016-02-03,318.3151153435087,318.7100472484014,307.80359677112773,311.1273498535156,2381660,0.0,0.0
2016-02-04,313.812935122725,314.9187639274552,298.6475618697825,302.6758728027344,2218240,0.0,0.0
2016-02-05,302.20192860119374,303.7026651685965,289.0901832294052,289.8010559082031,3145610,0.0,0.0
2016-02-08,291.6966876710154,291.6966876710154,265.23625073632167,266.65802001953125,4463630,0.0,0.0
2016-02-09,268.316755687805,275.1885566226684,260.5634447253076,273.0559387207031,5136320,0.0,0.0
2016-02-10,272.26601131884814,278.9008611949916,268.07971948761156,271.55511474609375,3860280,0.0,0.0
2016-02-11,271.39720345533397,271.39720345533397,264.84131952606583,266.81597900390625,4211050,0.0,0.0
2016-02-12,268.39571372583265,269.6595006462148,261.4449218208268,266.9739685058594,5455980,0.0,0.0
2016-02-15,271.634131995942,276.45230557112734,265.63116282545195,275.1095275878906,4091590,0.0,0.0
2016-02-16,277.7950705947289,278.58493428808356,274.31965106018674,278.19000244140625,2135820,0.0,0.0
2016-02-17,279.611772065955,290.27493286508036,279.5327808687193,289.16912841796875,3963150,0.0,0.0
2016-02-18,291.69670593344404,291.69670593344404,283.324168528633,285.298828125,2203330,0.0,0.0
2016-02-19,286.00968333213206,298.3315632836345,279.7697642087578,295.4090576171875,2879070,0.0,0.0
2016-02-22,296.9887938595807,300.7011634247177,291.53873836767815,293.6713562011719,1962760,0.0,0.0
2016-02-23,293.1974670879267,298.2525908436362,290.4329436475681,297.6996765136719,1697020,0.0,0.0
2016-02-24,295.7249897782673,301.83221218712,295.7249897782673,298.2525634765625,2139160,0.0,0.0
2016-02-25,299.67430271454975,310.1952936772619,299.59531151839695,309.2316589355469,1972040,0.0,0.0
2016-02-26,317.6831885975002,325.58182556805235,290.35389985844415,297.85760498046875,6098940,0.0,0.0
2016-02-29,289.95901305704643,311.7592593035343,289.56408114716345,310.732421875,4137470,0.0,0.0
2016-03-01,309.38962441764903,321.6325119055843,307.335973953566,321.3955383300781,3245340,0.0,0.0
2016-03-02,326.2137355820291,326.9246081509714,313.812864805421,315.70855712890625,2491420,0.0,0.0
2016-03-03,315.23465459604586,316.0245184140742,309.07370235258657,310.574462890625,1397160,0.0,0.0
2016-03-04,313.3390107418656,313.4179778460553,307.8099635835601,309.4686584472656,2599790,0.0,0.0
2016-03-07,310.10052562361903,319.89483169914064,306.86207929658303,309.1526794433594,1972160,0.0,0.0
2016-03-08,308.44183162360525,308.59981403457533,299.51637981262536,302.5178527832031,2117310,0.0,0.0
2016-03-09,303.78160066061326,307.49394579332073,300.5431544903627,306.4671325683594,1606340,0.0,0.0
2016-03-10,307.020052103376,309.97493029820924,297.0677639404834,298.6474914550781,3126990,0.0,0.0
2016-03-11,302.83380818001734,304.9664503078327,299.67435264531764,304.09759521484375,1950570,0.0,0.0
2016-03-14,304.8084094390439,310.57442914701664,304.571459961272,310.0215148925781,1574710,0.0,0.0
2016-03-15,309.78458344499063,314.9186980031756,308.04687349109776,313.2599792480469,1597940,0.0,0.0
2016-03-16,314.99761905073655,316.8933111250447,311.20628311157225,315.9454650878906,1529340,0.0,0.0
2016-03-17,317.52520735057743,317.52520735057743,312.4700844923097,315.3135986328125,1523380,0.0,0.0
2016-03-18,315.86651999887624,319.4209069998495,314.36578364163347,316.577392578125,2351430,0.0,0.0
2016-03-21,315.94556021945954,319.0260246106526,315.4716370581837,317.7622375488281,1074170,0.0,0.0
2016-03-22,318.15712948419804,323.3702353931088,315.7875380805777,322.65936279296875,1839020,0.0,0.0
2016-03-23,322.18541189157224,327.4775085449219,322.18541189157224,327.4775085449219,1886920,0.0,0.0
2016-03-24,327.55649585490823,328.3463595785953,323.2122453746295,327.8724365234375,1777070,0.0,0.0
2016-03-29,328.1093931963647,332.29568548657716,325.00918765477525,331.34783935546875,1505470,0.0,0.0
2016-03-30,335.06019630894065,336.71889082054,333.63842716434857,335.69207763671875,1424520,0.0,0.0
2016-03-31,335.6920971359061,335.7710883326486,328.978255193188,332.61163330078125,2609550,0.0,0.0
2016-04-01,331.0318993037201,331.0318993037201,324.4760157781127,328.1883850097656,2518760,0.0,0.0
2016-04-04,327.6354590033245,332.45363248081736,326.52965462440676,327.16156005859375,1955880,0.0,0.0
2016-04-05,327.00355101554857,328.10935530431783,321.8694372918745,326.7666015625,2183840,0.0,0.0
2016-04-06,327.2405235014451,331.6637650725781,324.7129741070315,330.8739013671875,1571860,0.0,0.0
2016-04-07,331.3478439264778,333.5594527899359,326.29272073519604,328.8992614746094,1035620,0.0,0.0
2016-04-08,328.18842656164077,330.0343427968501,324.7311813383924,327.95147705078125,1790340,0.0,0.0
2016-04-11,326.4506850701001,331.1898676693548,314.12882959582134,315.70855712890625,2262200,0.0,0.0
2016-04-12,316.7353592845426,316.7353592845426,310.73239004822904,313.73388671875,2076700,0.0,0.0
2016-04-13,318.55210586109746,318.55210586109746,312.78610894913066,315.15570068359375,1530590,0.0,0.0
2016-04-14,314.8396766810739,315.94548104378174,308.0468440176872,311.206298828125,2357120,0.0,0.0
2016-04-15,311.2853029516119,316.4186217758367,305.9142150878906,305.9142150878906,1415010,0.0,0.0
2016-04-18,307.96788452425886,310.73240776793216,305.59829317253894,307.0990295410156,2360420,0.0,0.0
2016-04-19,308.8367066519298,317.4462161596443,306.4671155522986,315.3135986328125,1879670,0.0,0.0
2016-04-20,313.4179631455751,314.95345864864186,305.67730712890625,305.67730712890625,1900560,0.0,0.0
2016-04-21,306.38814134988377,306.46713254519676,302.04863939119684,305.361328125,1749670,0.0,0.0
2016-04-22,304.492465390365,309.1526565377804,302.59679727502817,305.0453796386719,1569400,0.0,0.0
2016-04-25,304.7294227358231,310.1795018521778,304.49247325455923,308.6787414550781,1561600,0.0,0.0
2016-04-26,307.8889114961973,311.99621305681234,307.02008056640625,307.02008056640625,2364660,0.0,0.0
2016-04-27,307.17801848957646,316.0245024464023,307.17801848957646,314.36578369140625,1381080,0.0,0.0
2016-04-28,312.47009728337594,314.2077830314019,308.0429023866346,310.0215148925781,1201760,0.0,0.0
2016-04-29,309.9425368266902,310.25847751201104,304.4924816645354,304.72943115234375,1413450,0.0,0.0
2016-05-03,306.0722466467086,318.15715409822127,304.4925189220804,316.0245361328125,1925900,0.0,0.0
2016-05-04,314.76066632569723,317.2092484756503,311.75919408041653,315.3925476074219,1433120,0.0,0.0
2016-05-05,337.8419493273611,339.2821084434188,333.94509685399,337.24896240234375,1320550,27.0,0.0
2016-05-06,331.3189633446709,340.4681341548458,331.3189633446709,336.6559753417969,948870,0.0,0.0
2016-05-09,337.22353718545344,343.687267654925,336.65593778357663,338.1808166503906,1398300,0.0,0.0
2016-05-10,343.00957513380433,343.00957513380433,335.3852574683576,337.3337097167969,901150,0.0,0.0
2016-05-11,337.41837508280213,341.8709863564338,337.0761349952423,338.6044006347656,854080,0.0,0.0
2016-05-12,338.77381366546575,339.79039960701573,334.45336219316,336.57122802734375,911300,0.0,0.0
2016-05-13,334.6228555999874,337.84200184436287,331.0182432342188,331.4884033203125,1310720,0.0,0.0
2016-05-16,330.8106968797657,333.7757095278558,329.2011237556599,333.5215759277344,658740,0.0,0.0
2016-05-17,334.87696924041353,343.4331532467393,334.792275280761,338.51971435546875,1329620,0.0,0.0
2016-05-18,336.2324128009341,343.68731689453125,336.0629990266967,343.68731689453125,1385670,0.0,0.0
2016-05-19,340.1293076865294,344.99362643981686,339.8751740866866,340.7223205566406,1362620,0.0,0.0
2016-05-20,341.2305549704942,345.8898601075697,341.061141204496,344.0261535644531,1805990,0.0,0.0
2016-05-23,342.3318662574713,350.6338906568672,341.99301286720424,347.83831787109375,1288540,0.0,0.0
2016-05-24,348.5160679829311,352.49766690895945,345.63577502826746,352.1588134765625,1616570,0.0,0.0
2016-05-25,354.95431901832325,358.5970379654362,353.1753065209301,357.4957580566406,1867170,0.0,0.0
2016-05-26,357.4958130491194,359.52895942195494,355.6320804598525,357.6652526855469,1416820,0.0,0.0
2016-05-27,356.39448891310735,358.2581954191224,356.39448891310735,357.9193420410156,1260080,0.0,0.0
2016-05-31,357.91937557739743,359.40697487979804,353.6633229756526,357.83465576171875,1370010,0.0,0.0
2016-06-01,356.90276497012957,360.79964354784977,352.5619928509854,357.07220458984375,1599780,0.0,0.0
2016-06-02,355.9709400782297,358.99779261677065,354.3240872121758,358.08880615234375,1500840,0.0,0.0
2016-06-03,357.83458388263875,360.460742524007,355.4625846372529,357.4110107421875,791620,0.0,0.0
2016-06-06,356.05559008896137,359.783054601586,353.26001755734706,358.3428955078125,1205580,0.0,0.0
2016-06-07,358.59707332784524,361.5121122583473,357.4957933104489,358.08880615234375,863720,0.0,0.0
2016-06-08,357.4957403506873,359.44416650908755,355.6320081404191,359.1900329589844,1220920,0.0,0.0
2016-06-09,357.665214490955,359.19006764452996,356.3097751028573,357.7499084472656,996540,0.0,0.0
2016-06-10,357.07221771988804,359.10536396693874,352.58235201378204,354.1919250488281,1690000,0.0,0.0
2016-06-13,353.0058960913782,353.0058960913782,347.16056556585767,348.2618713378906,1341080,0.0,0.0
2016-06-14,345.381600411066,349.0243196193486,328.6928058551147,330.1329650878906,4566580,0.0,0.0
2016-06-15,332.3355347377906,335.3852670617757,330.5565479139186,332.5049743652344,2045020,0.0,0.0
2016-06-16,331.0647548312776,331.9966209068882,321.15315889847204,322.00030517578125,2601800,0.0,0.0
2016-06-17,323.3558091167993,333.69098025707046,323.0169298557594,332.3355407714844,2604390,0.0,0.0
2016-06-20,347.3300753677804,352.15882090306195,346.7370624589352,350.04095458984375,2686780,0.0,0.0
2016-06-21,352.92117800344334,354.7848844798059,347.5748334071069,354.107177734375,1877010,0.0,0.0
2016-06-22,356.56387518998457,356.56387518998457,351.4267839176549,353.260009765625,1926270,0.0,0.0
2016-06-23,357.07219566932093,362.57864708533657,354.36131693875564,357.9193420410156,1989680,0.0,0.0
2016-06-24,318.78116592065464,319.0353253411601,289.2157630350559,307.5141296386719,13428120,0.0,0.0
2016-06-27,301.5840836856599,304.80322929397215,273.96710905398663,284.9800109863281,10395590,0.0,0.0
2016-06-28,292.43498131179854,309.88617848001934,286.66930245597285,309.0390319824219,5964050,0.0,0.0
2016-06-29,314.03716751743076,327.8151365419998,308.95428933275923,314.7148742675781,4780860,0.0,0.0
2016-06-30,315.05377728593595,315.05377728593595,295.5694078411936,309.0390319824219,5316480,0.0,0.0
2016-07-01,311.41100763140804,320.39076423311315,307.85298257226947,316.6632995605469,2109460,0.0,0.0
2016-07-04,307.85300823972426,307.85300823972426,290.82535978476386,296.5012512207031,3530560,0.0,0.0
2016-07-05,292.8585356718229,300.6675206214007,283.7093385761587,284.6412048339844,4706210,0.0,0.0
2016-07-06,284.4717377092626,284.4717377092626,267.613530294357,268.7995300292969,6159170,0.0,0.0
2016-07-07,269.98557043990473,287.3520717954887,268.79954478699415,286.1660461425781,5203710,0.0,0.0
2016-07-08,280.0665952080946,296.6706692375147,279.98187540048855,295.6540832519531,4444950,0.0,0.0
2016-07-11,298.280252427506,313.27472818658947,294.55281344036496,312.4275817871094,4132570,0.0,0.0
2016-07-12,313.44415472141026,322.42391135156765,312.85114192538975,314.7148742675781,3912210,0.0,0.0
2016-07-13,314.96899614203954,321.93509946320785,285.18674056013265,311.6651306152344,4096590,0.0,0.0
2016-07-14,313.2747574421346,319.2895026107087,309.29318450446806,313.1900634765625,3424270,0.0,0.0
2016-07-15,313.27470661126364,313.44414622063283,304.0408166634429,307.0058288574219,3747060,0.0,0.0
2016-07-18,306.582249662153,313.35942025806844,306.582249662153,311.7498474121094,3203680,0.0,0.0
2016-07-19,312.766464590886,315.17998388319785,308.95430574981384,314.37603759765625,2003660,0.0,0.0
2016-07-20,318.61177217810143,321.23793123786015,312.5123076427172,318.86590576171875,2228740,0.0,0.0
2016-07-21,321.40734622762716,321.40734622762716,313.52889487134445,317.5104675292969,2125390,0.0,0.0
2016-07-22,317.5951776215181,317.5951776215181,307.51414071359943,315.1384582519531,2642850,0.0,0.0
2016-07-25,315.0537216009713,320.9032660988751,312.42756275201424,320.0518798828125,1798960,0.0,0.0
2016-07-26,317.42576231359254,324.45706700146354,314.6301637180543,321.0684814453125,2837790,0.0,0.0
2016-07-27,330.3870985514851,358.0040765753344,330.3870985514851,349.1090393066406,7201670,0.0,0.0
2016-07-28,345.6357205927518,354.4460377117998,343.8567080367768,344.78857421875,4595950,0.0,0.0
2016-07-29,346.2287175733105,346.99114410449874,336.40181491339985,343.1789855957031,4202830,0.0,0.0
2016-08-01,346.31341552857873,350.4644533017667,341.1458435058594,341.1458435058594,2216530,0.0,0.0
2016-08-02,343.6873001796007,344.8732999530123,337.7572754596864,344.0261535644531,2230020,0.0,0.0
2016-08-03,345.6357205927518,346.48286696675365,340.55284234874074,344.78857421875,1778730,0.0,0.0
2016-08-04,348.3466139019679,350.8880531302813,342.33186922438813,347.75360107421875,2597160,0.0,0.0
2016-08-05,350.80332941405,357.156927414113,348.5160237928847,356.98748779296875,2230020,0.0,0.0
2016-08-08,356.64863483722394,358.51236726065133,351.73519605234304,352.41290283203125,1408960,0.0,0.0
2016-08-09,355.2931715607407,355.5473309756948,351.989305989175,354.8695983886719,1750420,0.0,0.0
2016-08-10,353.85307767910393,356.3097971800193,352.41291839260646,354.0224914550781,1166680,0.0,0.0
2016-08-11,354.9543481091358,355.46264112902816,348.60074999262383,352.24346923828125,2142010,0.0,0.0
2016-08-12,352.8364641973577,355.46262312305925,351.7351842540904,353.937744140625,1328310,0.0,0.0
2016-08-15,356.9874652174528,356.9874652174528,352.66701368005954,352.9211730957031,858750,0.0,0.0
2016-08-16,353.09057996189625,355.8014585587235,349.7867144458504,350.4644470214844,1111170,0.0,0.0
2016-08-17,355.2931983768177,355.2931983768177,347.07589373018726,351.7351989746094,1373280,0.0,0.0
2016-08-18,354.95435052255544,357.4957897864401,351.2269114394294,356.1403503417969,1106280,0.0,0.0
2016-08-19,354.276640727332,356.6486403457333,352.49762808710256,356.2250671386719,1197680,0.0,0.0
2016-08-22,356.0556210686857,361.1384994614027,355.8692478268385,360.9690856933594,1321010,0.0,0.0
2016-08-23,362.23974782895755,362.578601164148,355.8014310489303,358.9358825683594,1828320,0.0,0.0
2016-08-24,355.88615777770417,358.9358895595237,354.8695718994801,357.4110107421875,1133130,0.0,0.0
2016-08-25,356.2250731717589,356.7333661994125,352.6670478310407,356.0556335449219,1317610,0.0,0.0
2016-08-26,355.6320101851214,357.49574240610514,353.0905712580638,356.4791564941406,1064050,0.0,0.0
2016-08-30,359.6983718979607,363.1716773595879,352.24346795666344,353.00592041015625,2105400,0.0,0.0
2016-08-31,355.1237460263014,356.64859905403694,346.4828432615228,347.2452697753906,2034740,0.0,0.0
2016-09-01,349.2784668650004,350.54918652497906,346.69297427558087,349.4479064941406,1547020,0.0,0.0
2016-09-02,352.32816541603137,352.32816541603137,345.29686097989816,349.5325927734375,1725120,0.0,0.0
2016-09-05,355.9709100635927,356.22504362991555,350.80331210790285,354.107177734375,892350,0.0,0.0
2016-09-06,356.22507366598046,358.25821992655847,353.0059275744701,358.08880615234375,1011570,0.0,0.0
2016-09-07,357.7499095066184,358.0040689348709,354.7002031904379,355.8014831542969,881940,0.0,0.0
2016-09-08,354.7849144651724,360.20667229827114,349.9561953269441,358.6817932128906,1108870,0.0,0.0
2016-09-09,358.9359366981624,358.9359366981624,348.9395937589933,349.8714599609375,886920,0.0,0.0
2016-09-12,348.0077149275908,349.02430090242933,339.451557359597,348.1771545410156,2371260,0.0,0.0
2016-09-13,349.1090416180682,350.97274821308673,345.2121629516015,345.80517578125,1288690,0.0,0.0
2016-09-14,348.2618556957836,350.97270839540835,345.1274039852835,347.2452697753906,885450,0.0,0.0
2016-09-15,347.0758830798282,351.8198821371984,344.3650043160258,351.3116149902344,920920,0.0,0.0
2016-09-16,352.1587514516198,355.54733688448465,350.0408855560793,354.107177734375,2780550,0.0,0.0
2016-09-19,356.2250821747498,359.19009474933154,352.75177655966814,355.20849609375,706220,0.0,0.0
2016-09-20,355.7167337315007,355.9708931385944,353.09057497532285,353.85302734375,1204760,0.0,0.0
2016-09-21,354.86960641163455,356.3097655703698,350.54915478828417,350.8033142089844,943270,0.0,0.0
2016-09-22,352.24346923828125,355.3093078346392,350.8880556557109,352.24346923828125,1177410,0.0,0.0
2016-09-23,351.31161060007565,351.4810243626613,345.80515918535883,346.73699951171875,1425600,0.0,0.0
2016-09-26,345.29689351267785,348.8548930427612,344.1108936693167,346.228759765625,2611650,0.0,0.0
2016-09-27,349.3631621914443,349.3631621914443,345.4662836700844,349.2784423828125,3059310,0.0,0.0
2016-09-28,351.7351849863056,357.41105018298,348.7235599771922,356.56390380859375,2365080,0.0,0.0
2016-09-29,357.41108423338227,362.1551095524776,355.8015111392762,358.51239013671875,1534970,0.0,0.0
2016-09-30,355.20850722164266,358.1735198891117,352.3282143723874,357.6652526855469,1677800,0.0,0.0
2016-10-03,356.73337675099265,368.8475606952923,355.88961702187345,363.6799621582031,2700030,0.0,0.0
2016-10-04,366.89913286584755,374.0998776947782,363.84940047361124,364.4424133300781,3407590,0.0,0.0
2016-10-05,362.66337217605957,363.05051869403223,354.53076171875,354.53076171875,1692010,0.0,0.0
2016-10-06,372.63445014111187,374.76429157706804,368.1812905806389,368.729736328125,1697650,19.0,0.0
2016-10-07,365.5349972654912,370.9483639744221,361.0978158782373,362.1627502441406,8075780,0.0,0.0
2016-10-10,363.05018766755086,363.8488749032964,356.48316461016765,359.76666259765625,2315910,0.0,0.0
2016-10-11,359.67792484574534,361.0090793079167,357.37061211057375,359.5892028808594,7580370,0.0,0.0
2016-10-12,361.4527606164553,361.4527606164553,355.5957032458793,356.1281433105469,1215190,0.0,0.0
2016-10-13,356.30566300329093,357.2818483184112,347.34255124475936,349.294921875,17860460,0.0,0.0
2016-10-14,351.2472614754488,354.26456643053075,348.31873264540496,349.3836669921875,3258850,0.0,0.0
2016-10-17,349.47232868350403,349.47232868350403,342.9053068972878,345.8338623046875,3129080,0.0,0.0
2016-10-18,345.83392164900994,352.1346974344429,345.83392164900994,350.5373229980469,2429140,0.0,0.0
2016-10-19,349.20618300576365,352.48970813890753,347.78627951352826,352.0459899902344,1873790,0.0,0.0
2016-10-20,350.62605771239924,352.2234320835191,342.284162618676,347.875,2522740,0.0,0.0
2016-10-21,346.8100623927964,349.56112007897997,345.92262617676323,346.1888732910156,1853970,0.0,0.0
2016-10-24,346.1888778423074,348.3187193723069,343.4378201199561,344.32525634765625,2554970,0.0,0.0
2016-10-25,344.3253038933061,345.36361633934706,340.38863212711334,341.0417785644531,1870660,0.0,0.0
2016-10-26,339.08939873992836,340.3318040815023,333.8535302474632,335.8946228027344,1874360,0.0,0.0
2016-10-27,333.8535084892114,336.60453903683026,331.19119989546135,332.78857421875,1865680,0.0,0.0
2016-10-28,330.56998372395833,333.94223044308023,327.9076751302083,332.78857421875,4235620,0.0,0.0
2016-10-31,330.83621179191283,333.85351660409304,330.2345491011129,331.4574279785156,2595290,0.0,0.0
2016-11-01,333.2322962607107,345.65640317855343,332.52235812693834,343.88153076171875,3303630,0.0,0.0
2016-11-02,341.57423127657626,343.6801321623817,338.7344513259223,339.00067138671875,2627660,0.0,0.0
2016-11-03,337.40322690775594,352.31214303443915,332.67317717643846,345.6563720703125,3582930,0.0,0.0
2016-11-04,345.3901782512871,347.6087687408704,334.65219486522335,335.71710205078125,2956210,0.0,0.0
2016-11-07,341.751685234189,341.8404342704614,332.07863609337807,332.78857421875,2421830,0.0,0.0
2016-11-08,333.94223437680023,335.36213772667355,330.21501855108704,332.6998291015625,2139250,0.0,0.0
2016-11-09,327.0202671031449,338.37944058204215,320.9857112704318,336.9595642089844,1927140,0.0,0.0
2016-11-10,335.2733964794609,343.4378206191308,329.94877910552094,331.9898986816406,4927980,0.0,0.0
2016-11-11,333.14353871275927,333.14353871275927,319.8319959265616,322.31683349609375,2595460,0.0,0.0
2016-11-14,324.979115226525,329.9398798454518,320.98565272032334,322.2280578613281,3970700,0.0,0.0
2016-11-15,323.9142310704068,325.86660165228636,320.89695323856074,322.40557861328125,2020320,0.0,0.0
2016-11-16,323.8254919073908,327.90770419613784,323.20430276322867,325.7778625488281,1783700,0.0,0.0
2016-11-17,325.86662514866447,338.20198448977635,323.1155671603457,337.8470153808594,4455060,0.0,0.0
2016-11-18,336.4270977284291,347.0763330429724,336.4270977284291,345.12396240234375,3538460,0.0,0.0
2016-11-21,346.63260841211695,346.63260841211695,332.78859734604055,341.751708984375,3550800,0.0,0.0
2016-11-22,342.2841699628883,350.62606523559924,337.34290394296124,348.3187255859375,2815040,0.0,0.0
2016-11-23,346.63255692525456,351.06973756412776,345.1620637785938,346.277587890625,2566370,0.0,0.0
2016-11-24,344.94648384736064,344.94648384736064,332.6110982120509,335.2734069824219,2953200,0.0,0.0
2016-11-25,334.29722265236785,335.80584792162244,328.88385649232896,332.8773193359375,1419170,0.0,0.0
2016-11-28,329.5938026029603,333.05479840154635,328.262648289473,331.5461730957031,1687000,0.0,0.0
2016-11-29,330.4812346876859,333.32104135398066,330.4812346876859,332.78857421875,1786360,0.0,0.0
2016-11-30,331.1024881949268,335.71714069500825,325.5710962329675,325.6003723144531,3763640,0.0,0.0
2016-12-01,325.60033538613084,334.47469735949176,325.60033538613084,333.9422302246094,2438610,0.0,0.0
2016-12-02,331.01372585167275,331.36869494012643,326.48779549727334,329.94879150390625,1712640,0.0,0.0
2016-12-05,328.08515987650026,334.918402073462,326.5765075683594,326.5765075683594,1214900,0.0,0.0
2016-12-06,326.576523118188,328.52889360022556,324.80165070993695,325.6890869140625,1131940,0.0,0.0
2016-12-07,326.487769940674,328.44014039795104,325.4228627586711,326.9314880371094,1667710,0.0,0.0
2016-12-08,325.866584987849,333.76208063012,325.2453688119997,325.6890869140625,1360310,0.0,0.0
2016-12-09,324.9791505656468,332.52235834207454,324.9791505656468,331.5461730957031,1973380,0.0,0.0
2016-12-12,332.87730623218584,333.2766362513851,324.44666278310774,324.890380859375,1934360,0.0,0.0
2016-12-13,326.57654833943997,329.41635524491915,322.8493051612993,329.3276062011719,1729660,0.0,0.0
2016-12-14,329.3275784633557,333.14354328143594,327.19773700483637,332.78857421875,1770460,0.0,0.0
2016-12-15,332.78854960064456,341.21919285719423,332.3448315345104,339.1781005859375,2817780,0.0,0.0
2016-12-16,337.9356975509996,340.2430371108582,329.06133546108464,331.5461730957031,2931100,0.0,0.0
2016-12-19,331.01370182291663,334.5634466145833,329.8600455985864,332.78857421875,1718970,0.0,0.0
2016-12-20,332.2561422306576,333.676045714007,325.5116209965528,330.92498779296875,2263930,0.0,0.0
2016-12-21,330.2150041704213,332.1673474943704,329.5050389852013,330.0375061035156,2614100,0.0,0.0
2016-12-22,330.30378295761363,343.70404866160425,330.0375358332716,342.3728942871094,1825770,0.0,0.0
2016-12-23,341.04173060164374,350.53730904675814,340.86425960599934,347.2537841796875,1224160,0.0,0.0
2016-12-28,347.2537873500841,348.85118881989354,342.461637105465,348.407470703125,1200400,0.0,0.0
2016-12-29,349.02867825981394,350.8922998651963,346.33798705701867,349.827392578125,505660,0.0,0.0
2016-12-30,348.6736725108574,350.3597958499429,345.6563948910617,346.3663330078125,802950,0.0,0.0
2017-01-03,346.4550732036082,352.22340827284637,346.4550732036082,350.09356689453125,1431150,0.0,0.0
2017-01-04,352.93339768839394,352.93339768839394,347.22629553928175,347.2537841796875,1220310,0.0,0.0
2017-01-05,347.34255570576414,358.8792273833042,347.2449507142014,356.838134765625,1242350,0.0,0.0
2017-01-06,357.2818560840004,358.8792305744396,355.5957325480021,358.5242614746094,1324510,0.0,0.0
2017-01-09,355.95068511186514,364.38132948261097,355.95068511186514,361.8077697753906,1447160,0.0,0.0
2017-01-10,360.8315318282211,362.96137309985744,358.4354434711296,359.8553466796875,1348610,0.0,0.0
2017-01-11,360.2103625004081,360.65408061806875,352.9334016202168,357.1930847167969,2208690,0.0,0.0
2017-01-12,354.9744262695313,357.28176545676314,350.1822769313725,354.97442626953125,1211110,0.0,0.0
2017-01-13,355.0632123454268,359.85536218367344,354.70824329859414,358.9679260253906,2477990,0.0,0.0
2017-01-16,355.151972328446,362.34018376625517,355.151972328446,359.9441223144531,1047450,0.0,0.0
2017-01-17,359.76668791574093,365.4462750925653,359.76668791574093,362.7839660644531,2468140,0.0,0.0
2017-01-18,363.93759097918564,369.88339726880747,361.8077495160017,365.71246337890625,1991140,0.0,0.0
2017-01-19,358.16926372584993,361.0090433797523,353.1996154785156,353.1996154785156,4432640,0.0,0.0
2017-01-20,353.0221348010014,354.0870691502048,348.1412353515625,348.1412353515625,1781750,0.0,0.0
2017-01-23,348.2299765451034,351.1585323981988,347.2537912607383,348.3187255859375,1422800,0.0,0.0
2017-01-24,348.4074746267716,350.0935980729996,343.9702934091163,348.3187255859375,1929620,0.0,0.0
2017-01-25,350.71480255746934,351.2472426198728,346.0113743744746,349.1174011230469,2791790,0.0,0.0
2017-01-26,347.69747533309135,349.5610966784863,345.80812570556765,347.7862243652344,2395620,0.0,0.0
2017-01-27,347.6974819754029,350.8922576167689,347.0762929033391,350.62603759765625,1204520,0.0,0.0
2017-01-30,349.6498670749807,353.0221138432499,346.907692433342,352.6671447753906,1561640,0.0,0.0
2017-01-31,353.7320814104125,359.58916585739996,349.6498693969119,356.7493591308594,3044200,0.0,0.0
2017-02-01,357.0156128601328,361.5415434091888,356.3056746526916,358.4355163574219,2161420,0.0,0.0
2017-02-02,358.1692507670962,372.4569788053432,358.1692507670962,369.3509521484375,3287580,0.0,0.0
2017-02-03,369.5284339404046,372.98942975709355,369.5284339404046,371.4808044433594,1413800,0.0,0.0
2017-02-06,369.0847164336726,372.27949222442743,364.91378247225737,369.7059326171875,2020580,0.0,0.0
2017-02-07,370.5933782971326,377.4266210782956,367.6453231317487,375.3855285644531,2999840,0.0,0.0
2017-02-08,376.80542359833544,380.7988865795374,374.85305308567507,377.8703308105469,1675320,0.0,0.0
2017-02-09,379.55646248014307,379.55646248014307,374.05434736798503,375.91796875,1291000,0.0,0.0
2017-02-10,376.00674438476557,379.4677402919855,373.34443567422653,376.0067443847656,1719700,0.0,0.0
2017-02-13,376.71665570289076,379.2902151899164,374.32056720114804,377.0716247558594,1869870,0.0,0.0
2017-02-14,375.38552765201916,379.7339597898997,374.94180953422716,378.3140563964844,1406340,0.0,0.0
2017-02-15,378.5802734820889,379.2014625482731,374.67555977177926,376.5391540527344,1749100,0.0,0.0
2017-02-16,366.51113621916613,382.2187671758057,366.42238718616767,376.5391540527344,3549460,0.0,0.0
2017-02-17,374.6755904072222,378.04783727767625,372.1020036518495,375.3855285644531,2646270,0.0,0.0
2017-02-20,378.2253044324976,378.2253044324976,373.43312747460584,376.5391540527344,1839900,0.0,0.0
2017-02-21,374.67558623564963,377.07164780143023,374.4980881571158,376.6279296875,1691440,0.0,0.0
2017-02-22,378.0478366268382,379.0240219031537,375.208029837994,377.160400390625,4831430,0.0,0.0
2017-02-23,376.7166748046875,379.0240143895834,373.4331499628275,376.7166748046875,2435160,0.0,0.0
2017-02-24,373.16686561584476,376.45480432291055,347.0762507015141,354.97442626953125,7386310,0.0,0.0
2017-02-27,354.9744857369727,362.78391359022453,348.1909122649184,359.14544677734375,6241820,0.0,0.0
2017-02-28,351.24725792147126,358.61299506697753,346.2776365731841,348.8511962890625,7003090,0.0,0.0
2017-03-01,352.13465629496034,362.6951682300915,349.6498458881073,360.7427978515625,7950020,0.0,0.0
2017-03-02,361.5415068838926,362.42894309474286,351.7797085645404,352.6671447753906,6615440,0.0,0.0
2017-03-03,353.3771111991027,353.46583315456735,347.07630866408954,349.1174011230469,4472470,0.0,0.0
2017-03-06,349.29487211726996,352.75586766657483,348.5849069517703,350.8034973144531,3990840,0.0,0.0
2017-03-07,351.7797676631974,356.9269148002866,349.11745858338145,356.2169494628906,2472190,0.0,0.0
2017-03-08,356.48313909879795,357.8142934239131,354.6523415008954,356.7493591308594,2372260,0.0,0.0
2017-03-09,356.9268572071697,357.9030153796642,353.1996142638856,356.7493591308594,2203050,0.0,0.0
2017-03-10,359.3228575748531,359.3228575748531,354.17573922690474,354.97442626953125,2106540,0.0,0.0
2017-03-13,355.6844520893248,357.01560651642916,354.2645756996717,355.0632629394531,1719280,0.0,0.0
2017-03-14,354.97448791810615,355.86192413790144,352.4896773356411,353.1996154785156,1735760,0.0,0.0
2017-03-15,354.7082720858954,354.7082720858954,347.3425351249207,351.95721435546875,1662430,0.0,0.0
2017-03-16,353.64333482926264,353.64333482926264,348.3187174918083,349.6498718261719,2263480,0.0,0.0
2017-03-17,349.916098676885,352.48968543938133,348.0525042383942,351.86846923828125,3537380,0.0,0.0
2017-03-20,353.1996621273533,353.1996621273533,349.9161368474776,351.6910095214844,1860510,0.0,0.0
2017-03-21,353.28840536376504,353.4658763788006,346.89885300952494,347.6975402832031,2573960,0.0,0.0
2017-03-22,346.1001167673332,346.1835305700146,341.30796672088155,345.7451477050781,2659300,0.0,0.0
2017-03-23,345.3014205561805,351.602222805074,342.90533205455534,350.62603759765625,2632160,0.0,0.0
2017-03-24,352.48969222026824,354.08706665039057,350.27110157709535,354.0870666503906,2334110,0.0,0.0
2017-03-27,351.7796510166256,356.0393603812997,349.6010073916521,354.97442626953125,2235960,0.0,0.0
2017-03-28,356.30568760611203,357.9030621721303,352.400973158417,355.2407531738281,5941650,0.0,0.0
2017-03-29,357.1930866794658,357.1930866794658,346.455102756596,351.86846923828125,2628470,0.0,0.0
2017-03-30,353.7320640173142,356.6605925556094,350.98100646419897,351.7796936035156,1824080,0.0,0.0
2017-03-31,352.3121715706253,354.6195111082235,349.2061448691211,353.9095458984375,9322450,0.0,0.0
2017-04-03,355.41820639746163,355.59570447456684,351.60224148133693,352.5783996582031,2211020,0.0,0.0
2017-04-04,354.5308257954889,357.28188392778037,354.1758566679951,356.2169494628906,2731400,0.0,0.0
2017-04-05,357.19308892134325,357.7255560852846,353.0221277332749,355.95068359375,1360540,0.0,0.0
2017-04-06,352.4896806211618,355.2407112622459,351.3359972752321,354.8857421875,1130640,0.0,0.0
2017-04-07,353.732097563964,354.7082828634411,352.05038852369955,354.0870666503906,16971700,0.0,0.0
2017-04-10,354.9744866973725,361.4527602466379,350.6784049388883,356.7493591308594,2601350,0.0,0.0
2017-04-11,356.2169118860799,366.0674598587604,356.2169118860799,364.5588073730469,3342130,0.0,0.0
2017-04-12,365.6237061197638,368.55223468048035,364.5587718709198,368.197265625,2013810,0.0,0.0
2017-04-13,368.640964434626,369.6393300848005,366.3336250710757,368.019775390625,1262500,0.0,0.0
2017-04-18,369.08470559414627,371.3032960666795,367.043613192377,367.5760803222656,4554690,0.0,0.0
2017-04-19,368.55223310088166,375.56300055798465,367.93104402705416,373.5218811035156,5269570,0.0,0.0
2017-04-20,374.40928678590785,379.6451543819759,372.3681945800781,372.3681945800781,5548570,0.0,0.0
2017-04-21,373.4331279770023,375.385498375985,371.94668323128775,374.7642822265625,2151910,0.0,0.0
2017-04-24,379.82272370127936,382.7512525604064,376.8276262889153,378.6690673828125,2680340,0.0,0.0
2017-04-25,379.7339419497487,379.8226909856186,373.9656066894531,373.9656066894531,3081780,0.0,0.0
2017-04-26,372.63441457826434,376.45839538232383,369.7058862686129,372.3681945800781,3633080,0.0,0.0
2017-04-27,372.19073820267954,374.67557582106224,369.4396805563004,373.8768615722656,2768570,0.0,0.0
2017-04-28,375.3855183668649,375.9179855115256,370.6821172675703,371.4808044433594,2590520,0.0,0.0
2017-05-02,373.8769135309991,376.9829406738281,369.8692588801565,376.9829406738281,2547930,0.0,0.0
2017-05-03,378.31401197555743,378.31401197555743,371.30327195411303,371.56951904296875,1828310,0.0,0.0
2017-05-04,407.69835258688397,407.69835258688397,395.59137771813096,401.1644287109375,2160930,32.0,0.0
2017-05-05,401.1644322840828,404.3353010972821,400.4918095304885,402.12530517578125,1450380,0.0,0.0
2017-05-08,404.52752685546875,405.20014967465875,401.644907899254,404.52752685546875,1980820,0.0,0.0
2017-05-09,407.1218401896932,410.6770521573112,403.5665988985628,407.79443359375,2255910,0.0,0.0
2017-05-10,406.1610107421875,408.8514432929701,405.29620162188587,406.1610107421875,1608080,0.0,0.0
2017-05-11,406.83357693023567,408.1787931153981,401.1644327276494,403.9509582519531,2482870,0.0,0.0
2017-05-12,403.566597110009,408.4670545110473,403.566597110009,407.3139953613281,1560810,0.0,0.0
2017-05-15,407.9866496574559,410.5809889598155,403.75881465384015,404.1431579589844,2166220,0.0,0.0
2017-05-16,403.1822938117168,408.1788155343963,402.12532770692394,406.54534912109375,1511370,0.0,0.0
2017-05-17,404.527471237634,407.4100897975222,403.08616195768997,405.9687805175781,2351180,0.0,0.0
2017-05-18,405.96878900495693,405.96878900495693,396.45615342315284,398.3778991699219,2645120,0.0,0.0
2017-05-19,398.9544363625819,402.3174914835263,397.22484756341663,402.12530517578125,1919390,0.0,0.0
2017-05-22,403.85487085280505,408.3709852425399,402.7018409591698,407.2179260253906,1946920,0.0,0.0
2017-05-23,407.1218218902966,410.48487672995464,407.1218218902966,409.3318176269531,1613380,0.0,0.0
2017-05-24,411.25358755736085,412.59880370803285,408.3709689529868,412.4066467285156,3611570,0.0,0.0
2017-05-25,413.1753764296863,417.691491110766,413.079283268139,417.59539794921875,3060870,0.0,0.0
2017-05-26,417.78751591923924,419.2288252372544,415.38533372254744,417.0188293457031,1705730,0.0,0.0
2017-05-30,416.0579816344156,416.5384181028157,413.5597061340326,415.5775451660156,1935870,0.0,0.0
2017-05-31,415.96183774608465,417.69142641549615,413.36749872723436,416.63446044921875,2746400,0.0,0.0
2017-06-01,417.01883917955337,420.2858011793909,414.8184320249115,416.2501525878906,1990870,0.0,0.0
2017-06-02,417.49926301861956,419.1327586309514,412.3105553728491,412.8870849609375,1493210,0.0,0.0
2017-06-05,412.50269949641637,417.6058996193725,412.50269949641637,414.5205383300781,1016770,0.0,0.0
2017-06-06,413.75187741063684,415.00100045366446,405.10402129379196,408.0827331542969,2488990,0.0,0.0
2017-06-07,408.1787964920685,414.7127498110026,407.7944531964874,413.0792541503906,2559480,0.0,0.0
2017-06-08,414.13621156057127,414.23230471333903,411.8301225117116,413.84796142578125,2098410,0.0,0.0
2017-06-09,410.4849055354056,414.29379530493105,396.5522487933948,408.8514099121094,6429450,0.0,0.0
2017-06-12,407.79443473815104,407.79443473815104,397.5131127600377,398.28179931640625,3126260,0.0,0.0
2017-06-13,398.5700856150242,406.737505642574,398.5700856150242,401.5487976074219,4015910,0.0,0.0
2017-06-14,402.1253050328418,411.3496906545703,402.1253050328418,410.292724609375,1705780,0.0,0.0
2017-06-15,410.10057610929135,410.10057610929135,395.11098108102914,400.3957824707031,4322960,0.0,0.0
2017-06-16,400.4917935243857,408.6592127774021,400.4917935243857,405.9687805175781,4994380,0.0,0.0
2017-06-19,406.83357410806155,409.0435993401888,403.9509554497755,407.98663330078125,1695250,0.0,0.0
2017-06-20,408.3709797215489,412.9831578807633,406.54532708867293,407.1218566894531,491500,0.0,0.0
2017-06-21,407.12187485727316,411.21614130208934,401.83707370739523,403.7588195800781,1485570,0.0,0.0
2017-06-22,402.9900973425644,405.7766229497287,403.7588132737399,405.4883728027344,498840,0.0,0.0
2017-06-23,404.8157605663775,409.33187514361214,405.08289778992537,408.3710021972656,852870,0.0,0.0
2017-06-26,410.2927164565059,410.67705974070867,407.9597084428903,408.4593811035156,1969850,0.0,0.0
2017-06-27,407.31402164400924,411.2161309978875,404.1191368048399,406.853759765625,52370,0.0,0.0
2017-06-28,405.10400750193526,406.9296600886339,401.3566091769196,406.06488037109375,67070,0.0,0.0
2017-06-29,406.83359041850866,409.3280245068126,401.60453333426074,404.1431579589844,60880,0.0,0.0
2017-06-30,403.854887620031,410.0044979354608,404.33532409320424,408.3710021972656,1024310,0.0,0.0
2017-07-03,406.64147465632095,408.6592845437889,403.6627624232965,403.85491943359375,2155300,0.0,0.0
2017-07-04,402.029239432074,406.8336042181254,401.74098927431714,406.1610107421875,1155490,0.0,0.0
2017-07-05,407.6022838003457,409.7161865234375,402.12529670365063,409.7161865234375,1136160,0.0,0.0
2017-07-06,410.965318181243,411.6379115633257,400.97221736190284,402.605712890625,2599120,0.0,0.0
2017-07-07,401.93308713192425,404.3352691714971,396.07178641417545,403.4704895019531,2133030,0.0,0.0
2017-07-10,403.0861753990791,406.92966694042906,401.1644296284041,404.81573486328125,2019080,0.0,0.0
2017-07-11,404.8157348632812,404.8157348632812,404.8157348632812,404.81573486328125,0,0.0,0.0
2017-07-12,402.2214152576016,406.5453434522219,399.5309534535068,403.27838134765625,2265580,0.0,0.0
2017-07-13,402.31750684827324,404.67931068957256,397.22486273367247,401.45269775390625,4001500,0.0,0.0
2017-07-14,402.6057098324091,404.143112202438,399.91527767749204,403.4704895019531,1968450,0.0,0.0
2017-07-17,404.0470486030877,408.7553198802522,403.1822688703046,407.98663330078125,1869750,0.0,0.0
2017-07-18,407.7944554677612,410.10054457760583,405.00792990488594,408.56317138671875,2354220,0.0,0.0
2017-07-19,411.541853936698,411.541853936698,405.77661650032945,408.56317138671875,2101620,0.0,0.0
2017-07-20,409.0436139477678,414.1362286965329,404.91184279589794,413.6557922363281,2787700,0.0,0.0
2017-07-21,412.88711723722577,414.90492696800266,410.2927485497766,413.3675537109375,1612410,0.0,0.0
2017-07-24,413.2714341743056,414.424464043512,405.29617162560635,407.98663330078125,1970860,0.0,0.0
2017-07-25,409.23572204184313,412.40661989444135,407.0257263183594,407.0257263183594,1836370,0.0,0.0
2017-07-26,407.4100720042914,411.63790650944503,405.77657649562445,409.3318176269531,2076480,0.0,0.0
2017-07-27,411.63794436939844,412.5988172691046,408.17879606575366,411.25360107421875,1994330,0.0,0.0
2017-07-28,410.965359788587,416.34622468406917,402.7979399651055,413.6557922363281,2740290,0.0,0.0
2017-07-31,414.8088344934886,415.48142791613964,403.52432554933876,404.3352966308594,3322040,0.0,0.0
2017-08-01,405.5844588371149,410.86925981164285,391.7315616803399,403.5666198730469,3979750,0.0,0.0
2017-08-02,405.872663496864,409.716154684,391.4595715451038,393.3813171386719,4009470,0.0,0.0
2017-08-03,396.84050441834984,398.281813756431,393.2852629883442,393.9578857421875,2322940,0.0,0.0
2017-08-04,395.6874299401161,395.6874299401161,388.48088352797083,393.2852478027344,2946590,0.0,0.0
2017-08-07,395.7835569893661,395.7835569893661,390.78703530976503,392.4205017089844,1972070,0.0,0.0
2017-08-08,392.99701151753,395.3991937395198,390.5948292955402,395.3031005859375,1967590,0.0,0.0
2017-08-09,395.39921559017307,396.1679022142838,391.7479101403746,396.07183837890625,1697030,0.0,0.0
2017-08-10,396.9366076746542,396.9366076746542,391.0752770192452,391.8439636230469,1657910,0.0,0.0
2017-08-11,391.26743359233365,392.6126497084959,386.36697622590987,388.6730651855469,2003050,0.0,0.0
2017-08-14,390.78701826200444,392.6126708984375,388.6730861628628,392.6126708984375,3143750,0.0,0.0
2017-08-15,394.7266166051502,395.0148960992125,391.7479337644575,392.80487060546875,1554260,0.0,0.0
2017-08-16,394.0539538232951,396.55222904837865,393.7656743799133,395.399169921875,1874740,0.0,0.0
2017-08-17,397.0326636371468,398.1309171152571,393.7656725682545,394.9187316894531,2797420,0.0,0.0
2017-08-18,394.82267152258544,394.82267152258544,387.03959511313445,389.05743408203125,2047550,0.0,0.0
2017-08-21,387.90439913950536,391.17136111526423,387.32786953825064,390.7870178222656,6794760,0.0,0.0
2017-08-22,392.228313708836,392.94703300297266,388.96132252163284,390.5948181152344,1639600,0.0,0.0
2017-08-23,389.3456996515505,391.17135224452824,386.75133116649425,387.0395812988281,1586570,0.0,0.0
2017-08-24,387.4239690946473,389.15352860347934,384.9256936636012,387.71221923828125,4584970,0.0,0.0
2017-08-25,387.61612608256524,390.59483796867744,386.2709098730832,387.71221923828125,1999570,0.0,0.0
2017-08-29,385.50225534549185,392.07556143127806,385.50225534549185,388.19268798828125,3399580,0.0,0.0
2017-08-30,388.9613627515805,391.9400747943742,388.9613627515805,389.826171875,1488160,0.0,0.0
2017-08-31,389.3457277856348,397.0327113208022,389.3457277856348,396.07183837890625,4164270,0.0,0.0
2017-09-01,387.03957289385335,400.395728989861,387.03957289385335,395.9757080078125,2816550,0.0,0.0
2017-09-04,396.26401926959863,397.6092356046722,392.61271359961074,392.80487060546875,1457090,0.0,0.0
2017-09-05,392.99699630315945,397.60917426142,392.7087461770853,395.9757080078125,1547200,0.0,0.0
2017-09-06,396.36009836815083,396.36009836815083,390.69095373498226,392.13226318359375,1904540,0.0,0.0
2017-09-07,393.0931368078948,399.2427179342364,392.9009504850183,398.9544677734375,1604100,0.0,0.0
2017-09-08,398.2818463751808,399.43490566948515,393.7657316832573,394.4383544921875,1810980,0.0,0.0
2017-09-11,395.1109418129569,397.2248445646267,394.3422259112934,394.8226623535156,3039270,0.0,0.0
2017-09-12,394.24610783174785,396.840476185123,391.07523924296623,391.2674255371094,2353780,0.0,0.0
2017-09-13,391.74789606584415,392.6126758177781,388.28874773459444,392.22833251953125,2427870,0.0,0.0
2017-09-14,391.7478630914242,396.74438419509136,390.42375992735003,394.9187316894531,2902170,0.0,0.0
2017-09-15,392.7087428575458,394.05395897370806,387.7121923420721,388.6730651855469,3021600,0.0,0.0
2017-09-18,390.69091749343033,393.5735361232537,388.28873530191083,388.8652648925781,2079520,0.0,0.0
2017-09-19,389.2495983741309,392.70874650749283,389.2495983741309,389.6339416503906,1557470,0.0,0.0
2017-09-20,390.40261653697667,392.70873477264854,389.63393000742707,391.2674255371094,2483950,0.0,0.0
2017-09-21,391.7478993889285,392.3243996794321,388.0004715595698,390.018310546875,2124450,0.0,0.0
2017-09-22,389.24960068567714,392.99699896760956,387.5200119469689,391.9400329589844,1375610,0.0,0.0
2017-09-25,391.45963544879146,395.49721961199435,388.82972664385125,392.5166015625,2351510,0.0,0.0
2017-09-26,392.13221328675854,392.13221328675854,388.0475360260925,388.6730651855469,3115080,0.0,0.0
2017-09-27,389.05744356542573,390.0183164956063,383.0039558346938,386.4631042480469,2804690,0.0,0.0
2017-09-28,385.98268518715986,388.76921094562687,382.73877122554455,388.0965881347656,2448530,0.0,0.0
2017-09-29,388.7691583345968,390.78699717059624,386.94350579669714,388.6730651855469,3268920,0.0,0.0
2017-10-02,390.21047938949704,395.2070007324218,390.21047938949704,395.2070007324219,2747110,0.0,0.0
2017-10-03,394.15007875124496,397.0326974764169,392.99701953177055,394.0539855957031,1559360,0.0,0.0
2017-10-04,395.68747058011036,396.27265065405044,390.6909488152845,392.5166015625,2685750,0.0,0.0
2017-10-05,393.38607198709946,393.38607198709946,384.0151250667667,389.13531494140625,2082500,2.2,0.0
2017-10-06,390.3912213225488,392.6131837822425,386.4303048018711,389.5217590332031,2419450,0.0,0.0
2017-10-09,387.78278994162054,389.81155485965326,386.9133276859755,388.6522521972656,3035640,0.0,0.0
2017-10-10,387.58960972966713,393.96568620959204,387.58960972966713,391.93695068359375,3997670,0.0,0.0
2017-10-11,391.06746255831206,394.64195472449893,390.48784067821083,392.6131896972656,2849080,0.0,0.0
2017-10-12,393.3860389393472,396.1876525878907,392.3233497671988,396.1876525878906,1583400,0.0,0.0
2017-10-13,394.7385469755542,399.76212305419523,390.1863927364104,398.11981201171875,3982290,0.0,0.0
2017-10-16,397.4435444122365,401.30784728349266,395.31819552242035,396.2842712402344,2922080,0.0,0.0
2017-10-17,397.73340349572885,397.73340349572885,388.74888120874306,388.9421081542969,2160170,0.0,0.0
2017-10-18,390.19802544553784,392.70982852320304,388.6522982067981,392.5166015625,3134540,0.0,0.0
2017-10-19,393.4826540123484,393.4826540123484,388.26585068870287,391.45391845703125,1503340,0.0,0.0
2017-10-20,390.970909483524,393.4826831153689,386.9375251080626,392.0335693359375,2092880,0.0,0.0
2017-10-23,393.19284009410734,394.0623023944171,390.2946127715464,393.7724914550781,2646860,0.0,0.0
2017-10-24,394.3520954213729,397.54013330012276,393.6758306678008,395.2215576171875,1812200,0.0,0.0
2017-10-25,394.54535289590615,401.4044970083928,392.80642823968986,399.95538330078125,4949490,0.0,0.0
2017-10-26,398.79604732957677,402.95019063481095,395.6080092312525,398.11981201171875,4298400,0.0,0.0
2017-10-27,399.4723271588223,399.4723271588223,394.1589104735175,397.8299865722656,2164460,0.0,0.0
2017-10-30,396.18768062515477,399.4723323587317,391.453915231268,397.9266052246094,1655970,0.0,0.0
2017-10-31,407.39415625273114,407.39415625273114,398.31302060163233,401.307861328125,1414680,0.0,0.0
2017-11-01,400.82480984969806,405.26876405281405,394.738544613931,399.8587341308594,3784940,0.0,0.0
2017-11-02,399.47231349727883,401.40446495313023,395.70462405482687,396.380859375,2268320,0.0,0.0
2017-11-03,397.4435388048079,402.0807198742652,395.6080008633166,400.9214172363281,1987790,0.0,0.0
2017-11-06,400.9214432879192,400.9214432879192,396.091064453125,396.091064453125,1749630,0.0,0.0
2017-11-07,395.7046350503308,401.59770305088745,390.4878318710302,391.84033203125,2746430,0.0,0.0
2017-11-08,393.3860435212596,395.99443026623294,390.97085423019655,391.55047607421875,4588730,0.0,0.0
2017-11-09,390.0047741714258,392.1301230345228,375.6102225711275,381.986328125,5114650,0.0,0.0
2017-11-10,382.75921722334584,383.82187694385647,380.34402789074596,381.59991455078125,2979300,0.0,0.0
2017-11-13,381.21349163720015,382.48774576989587,374.64415893759434,375.70684814453125,2425880,0.0,0.0
2017-11-14,377.44580400277556,378.798304144438,375.1271986373064,378.7016906738281,3053740,0.0,0.0
2017-11-15,375.9000854492188,378.02543443940135,374.1611313856593,375.90008544921875,2264690,0.0,0.0
2017-11-16,377.83225839565836,383.338872870039,376.5763421426179,382.8558349609375,2081220,0.0,0.0
2017-11-17,381.5999425334297,384.015132043135,381.4067155797358,383.3388671875,4095640,0.0,0.0
2017-11-20,382.66262469306895,386.62354131173436,381.2135110142128,385.56085205078125,1799190,0.0,0.0
2017-11-21,386.72012699301115,389.9081947897905,383.24227773440583,388.5556945800781,2696980,0.0,0.0
2017-11-22,388.4590617525822,392.1301377792458,387.782796940269,391.74371337890625,2539640,0.0,0.0
2017-11-23,391.8403244361461,393.96567336606915,391.1640596279982,393.4826354980469,1551580,0.0,0.0
2017-11-24,392.41998727864757,395.12498762595715,387.58960845681435,388.3624572753906,2170620,0.0,0.0
2017-11-27,387.1066015143329,389.8116020778411,386.62356359354254,387.7828369140625,2261710,0.0,0.0
2017-11-28,387.9760294786344,391.84033250236126,385.5608400888051,391.26068115234375,4787520,0.0,0.0
2017-11-29,392.70980615899117,393.38607100064473,386.3337000887334,390.29461669921875,5007650,0.0,0.0
2017-11-30,390.3912161300144,391.35729187916945,385.2709969701174,389.4251403808594,5141890,0.0,0.0
2017-12-01,388.94209447768225,392.99959485100266,388.8454810083026,391.6470947265625,2364210,0.0,0.0
2017-12-04,395.60803522347663,398.40964911248335,390.2946183889733,393.2894592285156,5839910,0.0,0.0
2017-12-05,393.28942826685034,398.023193359375,390.29458766307647,398.023193359375,3507140,0.0,0.0
2017-12-06,396.09108525857766,406.42810830092657,396.09108525857766,403.62646484375,4499260,0.0,0.0
2017-12-07,403.6264277783503,406.9111088427434,403.5298437912847,405.2687683105469,5350430,0.0,0.0
2017-12-08,404.97898092849306,412.99739815233454,404.97898092849306,411.06524658203125,3460500,0.0,0.0
2017-12-11,413.09399507144957,413.09399507144957,409.0364651435118,411.9346923828125,5628670,0.0,0.0
2017-12-12,411.1618786882485,412.6109924316406,409.6161514655047,412.6109924316406,3470020,0.0,0.0
2017-12-13,411.3550636091602,423.7208515313842,411.3550636091602,422.4649353027344,8092030,0.0,0.0
2017-12-14,421.6920807997864,425.65299742082493,419.08366438336526,422.9479675292969,4033660,0.0,0.0
2017-12-15,422.9479333210734,426.7156521694565,421.6920466931396,426.4258117675781,3047580,0.0,0.0
2017-12-18,428.06817897707435,433.28498223122585,427.2953006727935,429.9037170410156,3551470,0.0,0.0
2017-12-19,429.7105266653001,440.14416354386066,429.7105266653001,437.1493225097656,6242970,0.0,0.0
2017-12-20,436.76285743443543,441.88304717469975,432.1256760923674,432.80194091796875,3117340,0.0,0.0
2017-12-21,431.93251476872024,436.7628939777592,425.07337039542597,432.3189392089844,2329540,0.0,0.0
2017-12-22,430.9664168109969,435.3137578760393,430.6765763839513,433.6714172363281,2892920,0.0,0.0
2017-12-27,435.4103449957832,436.2798072597033,431.5460420607677,434.92730712890625,2085800,0.0,0.0
2017-12-28,436.1832394392661,437.43912623166614,433.18839845474133,434.63751220703125,1132800,0.0,0.0
2017-12-29,435.6035626460218,436.9560628395155,433.76802456325953,434.7341003417969,971230,0.0,0.0
2018-01-02,435.98996535545524,438.5017681510622,429.61388912037285,435.5069274902344,2760820,0.0,0.0
2018-01-03,437.43912673793557,440.5305812059832,434.8307396701718,438.7916564941406,2238990,0.0,0.0
2018-01-04,439.7576975025572,439.7576975025572,432.41551583414514,437.53570556640625,2833840,0.0,0.0
2018-01-05,437.1492916888634,441.49663271118357,436.47302684802963,441.30340576171875,2308070,0.0,0.0
2018-01-08,441.01361341001547,443.9118408803989,439.2746887207032,439.2746887207031,3242050,0.0,0.0
2018-01-09,432.31891571392697,440.82037086689246,432.31891571392697,438.9848327636719,3108690,0.0,0.0
2018-01-10,438.5018160539704,439.5645053700052,435.8934289862066,438.7916564941406,2711930,0.0,0.0
2018-01-11,438.1153376392901,440.33729999537115,435.9899592690717,436.5696105957031,3471450,0.0,0.0
2018-01-12,438.7916564941407,440.3373542458697,435.1205506280473,438.7916564941406,2901540,0.0,0.0
2018-01-15,437.922153823278,440.7237972641474,437.149304966531,439.1780700683594,1533160,0.0,0.0
2018-01-16,438.6950132125359,442.6559297674308,437.92213490688,441.78643798828125,1888610,0.0,0.0
2018-01-17,441.6898559967018,442.94574271092574,438.211977311237,440.6271667480469,1737800,0.0,0.0
2018-01-18,428.55122902165186,432.5121456818917,422.9479717152196,424.2038879394531,4028290,0.0,0.0
2018-01-19,424.1072711383522,434.0578399666764,424.1072711383522,430.67657470703125,2924850,0.0,0.0
2018-01-22,428.26138336648046,431.3528376690076,423.5276179200989,424.1072692871094,2389250,0.0,0.0
2018-01-23,420.82261064115073,423.91403541087294,418.3108077466752,421.01580810546875,6235030,0.0,0.0
2018-01-24,421.2090527986545,430.0969620359474,419.18028770293614,427.2953186035156,3760360,0.0,0.0
2018-01-25,427.68174762286174,427.7783316123227,424.78352036401867,426.812255859375,6397240,0.0,0.0
2018-01-26,427.7783490072564,436.27983366827095,427.7783490072564,433.6714172363281,3001640,0.0,0.0
2018-01-29,433.864619300876,437.63230877800305,430.29012728173717,433.1883544921875,2165240,0.0,0.0
2018-01-30,432.89855328054716,435.21712920448994,425.0733337402344,425.0733337402344,5746670,0.0,0.0
2018-01-31,426.2326091314071,431.54602546268933,425.07330650257484,426.3291931152344,4112780,0.0,0.0
2018-02-01,427.77837095956977,432.7053636492485,427.10213555968136,432.3189392089844,2835120,0.0,0.0
2018-02-02,431.3528529910631,432.5121557662636,428.45462553535606,428.5512390136719,2680370,0.0,0.0
2018-02-05,424.20387145404237,426.8122583126183,422.46491739936596,425.0733337402344,4007320,0.0,0.0
2018-02-06,414.83294363491,420.0497470711699,410.9686404254888,413.5770568847656,4846860,0.0,0.0
2018-02-07,418.1175998264549,423.33443279940803,414.15671258133034,421.9819030761719,3858850,0.0,0.0
2018-02-08,421.1124235459887,425.94280241089405,410.48559004319696,410.9686279296875,3489070,0.0,0.0
2018-02-09,411.3550860422529,413.3838512281761,406.5247067816238,408.65008544921875,9142300,0.0,0.0
2018-02-12,411.6449062761163,415.1227850694696,409.4229142359462,412.4177551269531,3425760,0.0,0.0
2018-02-13,411.64489794958087,414.92954972263783,410.09917079687955,411.06524658203125,4560030,0.0,0.0
2018-02-14,413.0940108301811,416.95831396333097,411.93470809731883,415.79901123046875,3042330,0.0,0.0
2018-02-15,417.0549019752542,421.4022427346253,415.895599313172,420.0497131347656,3876890,0.0,0.0
2018-02-16,423.43100444521497,426.3292317979743,422.07850424371924,424.1072692871094,2138930,0.0,0.0
2018-02-19,424.10725206076796,426.03940355079425,415.21934341373026,416.66845703125,2313950,0.0,0.0
2018-02-20,417.73117015655976,419.95316218664357,416.37866993258785,418.3108215332031,2439950,0.0,0.0
2018-02-21,417.34472227115697,423.3344036892617,415.21934383704445,421.4022521972656,2284390,0.0,0.0
2018-02-22,418.21416954690346,422.6581237155711,415.1227449599585,416.3786315917969,4765020,0.0,0.0
2018-02-23,417.7311631446371,432.9951782226562,412.2245488646924,432.99517822265625,5881110,0.0,0.0
2018-02-26,432.70532565964373,433.961241833107,428.06817381900566,429.8070983886719,3202240,0.0,0.0
2018-02-27,430.77318851357813,432.5121426235374,424.8801203029207,426.5224609375,2822340,0.0,0.0
2018-02-28,424.59032628477433,425.7496290709612,413.0940298313156,413.1906433105469,3620680,0.0,0.0
2018-03-01,413.2872023785701,413.2872023785701,403.43324721953724,403.8196716308594,3386760,0.0,0.0
2018-03-02,401.5976923333083,405.9450331137552,401.5010788639512,405.2687683105469,2407240,0.0,0.0
2018-03-05,405.9450797185243,409.4229291563252,402.8536252379292,408.553466796875,2370490,0.0,0.0
2018-03-06,409.90596707627475,410.77545891801986,407.49077747652694,408.553466796875,2676270,0.0,0.0
2018-03-07,408.6500332899405,411.4516470070539,407.7805710304628,409.4228820800781,3048510,0.0,0.0
2018-03-08,410.48561587041644,416.57191131251466,409.5195400366511,415.02618408203125,2793230,0.0,0.0
2018-03-09,414.6397183415632,419.1802566185875,412.61095339628804,415.4125671386719,2585100,0.0,0.0
2018-03-12,416.57186981662676,417.24810514352396,413.77022659195114,415.4125671386719,5234200,0.0,0.0
2018-03-13,415.8956093101981,416.7650715865136,410.58219269880186,411.35504150390625,2812480,0.0,0.0
2018-03-14,410.3889568996386,414.73629766968685,409.9059190362999,410.5821838378906,2772900,0.0,0.0
2018-03-15,411.7414870261335,411.7414870261335,404.9789569307967,405.8484191894531,2915930,0.0,0.0
2018-03-16,406.13825077464924,407.10432655169757,401.8875232520953,405.0755615234375,5433580,0.0,0.0
2018-03-19,404.495945507616,411.25847604500046,403.3366427654327,409.3263244628906,2647620,0.0,0.0
2018-03-20,410.0025386029443,411.25845475567763,406.91111392097616,409.5195007324219,35718090,0.0,0.0
2018-03-21,410.38896685203866,410.5821937949767,404.68912582287277,406.0416259765625,2440020,0.0,0.0
2018-03-22,405.75182587639193,411.54828053176897,403.33663643665153,405.65521240234375,3770750,0.0,0.0
2018-03-23,404.68912066280916,411.6448777677973,400.43839331300165,411.2584533691406,5614140,0.0,0.0
2018-03-26,412.9007863714723,415.21936236889064,409.809361535679,414.0600891113281,6125980,0.0,0.0
2018-03-27,418.40741899178903,421.49884374504813,415.79900263789904,418.6006164550781,4759150,0.0,0.0
2018-03-28,417.05491787463137,422.75475896886576,412.90077441237804,419.7599182128906,4313360,0.0,0.0
2018-03-29,420.43619341006104,424.0106561250588,417.24812563029775,419.9531555175781,3419720,0.0,0.0
2018-04-03,418.02099879289256,423.23780207091943,416.57188513331323,419.8565368652344,3558790,0.0,0.0
2018-04-04,420.4361670103206,421.0157888590703,416.5718641131018,420.0497131347656,4756090,0.0,0.0
2018-04-05,424.686898063807,426.42582259004695,421.0157925895459,426.0393981933594,7215020,0.0,0.0
2018-04-06,425.7496420304604,427.97160470894306,424.39711224464094,427.1021423339844,1481360,0.0,0.0
2018-04-09,429.8071144117812,429.8071144117812,425.8461977639991,429.5173034667969,2121680,0.0,0.0
2018-04-10,431.6426298321162,432.6087055743387,428.64781861705984,431.4494323730469,1916670,0.0,0.0
2018-04-11,431.83583880502016,432.4154901226931,426.1359980595329,428.744384765625,5221150,0.0,0.0
2018-04-12,428.26137862363004,428.26137862363004,422.17511304315616,423.4309997558594,3424630,0.0,0.0
2018-04-13,425.8461835037316,425.8461835037316,423.14118316681504,423.9140319824219,2319390,0.0,0.0
2018-04-16,424.1072837743041,428.2613979955766,423.0445944788664,424.3970947265625,1941060,0.0,0.0
2018-04-17,424.3970963147075,430.5800051541027,422.851398587153,427.3919372558594,3132800,0.0,0.0
2018-04-18,427.1987054626679,432.2222816382468,427.1987054626679,430.8697814941406,2396700,0.0,0.0
2018-04-19,433.2849661003359,434.3476553027259,429.710474096558,430.1935119628906,2500380,0.0,0.0
2018-04-20,431.54606303035473,433.5747985839844,428.16479779791456,433.5747985839844,5722880,0.0,0.0
2018-04-23,433.9612576633737,434.44429555948955,431.4494547071127,433.6714172363281,2065480,0.0,0.0
2018-04-24,433.2849679623275,436.4730061009062,432.1256652852307,433.1883544921875,2520060,0.0,0.0
2018-04-25,431.5460939949841,432.51216984499996,429.03429088848395,429.42071533203125,2059120,0.0,0.0
2018-04-26,430.0003266371526,434.6374784918549,429.22744833984063,433.381591796875,4793020,0.0,0.0
2018-04-27,433.28498448996083,443.1389691742885,432.801946603127,441.2068176269531,2510750,0.0,0.0
2018-04-30,442.07630013591665,442.84914899726374,440.33734597444436,441.01361083984375,2170220,0.0,0.0
2018-05-01,440.9169776875469,442.36609134963277,439.6610909733229,440.6271667480469,2307320,0.0,0.0
2018-05-02,441.59324004466254,444.6846648170551,439.7577019794462,442.3660888671875,2640440,0.0,0.0
2018-05-03,442.9503299239036,445.2872789292382,439.3475422078224,444.70306396484375,2822520,3.6,0.0
2018-05-04,446.0662792075734,449.08485194211187,441.39235150753746,444.6056823730469,3343240,0.0,0.0
2018-05-08,446.6505318838343,450.4480777784314,446.0662871963765,449.9612121582031,2943420,0.0,0.0
2018-05-09,451.42180149807484,451.42180149807484,445.18992760616084,448.4032287597656,2547860,0.0,0.0
2018-05-10,448.9874683763291,450.9349308028446,447.04000594981363,448.2084655761719,1986770,0.0,0.0
2018-05-11,464.0802917087925,480.4389638359845,462.6196949218676,465.34613037109375,7371800,0.0,0.0
2018-05-14,465.2487531242341,466.02775590985107,459.6011240791205,462.91180419921875,5004640,0.0,0.0
2018-05-15,463.7881870351984,465.4435420627938,459.6011545055203,461.64599609375,3921120,0.0,0.0
2018-05-16,461.06174009632684,465.83301720799415,460.96436102957466,464.9566650390625,2237370,0.0,0.0
2018-05-17,463.4960385310958,468.8515599847114,461.15908965815606,467.48834228515625,2167510,0.0,0.0
2018-05-18,468.0726148678203,469.3384535824011,465.151421173324,468.6568298339844,2726210,0.0,0.0
2018-05-21,470.89643505328206,474.7913600252432,470.7990559857992,472.6491394042969,1969350,0.0,0.0
2018-05-22,472.25965032753106,476.05719621172324,471.5780265747113,472.5517578125,2137710,0.0,0.0
2018-05-23,472.84390314658117,477.03093565472443,472.0649003133994,475.3756103515625,2847140,0.0,0.0
2018-05-24,476.1545478053227,477.8099027004198,473.9149779739959,476.4466552734375,2151370,0.0,0.0
2018-05-25,477.1283155871976,483.26281061552226,476.34934246852515,482.970703125,3512420,0.0,0.0
2018-05-29,482.1917230351258,486.2813764229102,479.85474428105556,485.21026611328125,3704120,0.0,0.0
2018-05-30,485.1128974513676,486.5734942565613,481.1205935739879,481.8995666503906,2985280,0.0,0.0
2018-05-31,483.1654703377924,487.64461042816896,477.12832454896795,478.29681396484375,5631090,0.0,0.0
2018-06-01,477.6151677274807,487.8393456299038,477.6151677274807,483.6523132324219,2752130,0.0,0.0
2018-06-04,484.91817510679147,485.2102826030178,479.8547605887862,482.0943603515625,3844640,0.0,0.0
2018-06-05,485.40503126575106,487.6446012688741,482.6785956344778,482.970703125,2867670,0.0,0.0
2018-06-06,479.1731244182079,485.0155115566963,476.44665925736274,481.6074523925781,9602370,0.0,0.0
2018-06-07,485.40498358228433,485.98922822185557,480.0494621987285,481.023193359375,3479530,0.0,0.0
2018-06-08,480.63371615173935,484.431261808664,475.76506025416484,481.4126892089844,3445460,0.0,0.0
2018-06-11,484.4312769416824,486.0866318849359,482.38643545763944,484.5286560058594,2309000,0.0,0.0
2018-06-12,486.47613029780996,487.0603749812115,483.16545004642666,485.0155334472656,2945180,0.0,0.0
2018-06-13,485.59976074308787,493.68171780701306,485.01551608060606,493.09747314453125,4063690,0.0,0.0
2018-06-14,492.51322060234577,501.8610756206631,491.3447610119942,500.3030700683594,3923010,0.0,0.0
2018-06-15,501.4715998143907,505.9507398458222,497.57667476728864,503.22430419921875,6083630,0.0,0.0
2018-06-18,503.4190114122286,504.39274257550176,497.57662443258954,503.61376953125,3228270,0.0,0.0
2018-06-19,501.2768181004257,504.7822861370579,498.16089603883904,502.25054931640625,2504200,0.0,0.0
2018-06-20,504.78226209906063,511.9878370950814,502.6400416395497,510.0403747558594,4835430,0.0,0.0
2018-06-21,513.3511389840592,519.9724997537311,511.01416015625,511.01416015625,3947700,0.0,0.0
2018-06-22,510.6246405203483,519.5829195844891,509.8456080523073,518.4144897460938,2337780,0.0,0.0
2018-06-25,516.8565448181442,522.1147174345208,510.0404259467585,520.9462280273438,3701500,0.0,0.0
2018-06-26,521.9200017438615,525.4254108186569,511.20895693195394,512.5722045898438,6500220,0.0,0.0
2018-06-27,512.9616385389703,512.9616385389703,499.7189165907797,507.8982238769531,24077780,0.0,0.0
2018-06-28,505.95074966999533,511.0141642159135,504.3928033936393,506.1455078125,3590650,0.0,0.0
2018-06-29,509.06666176888234,518.0250007356403,509.06666176888234,517.05126953125,5971670,0.0,0.0
2018-07-02,513.545899307409,515.1038455780089,505.56129094894317,507.3139953613281,4079680,0.0,0.0
2018-07-03,507.3139191008248,510.6246287179775,507.3139191008248,510.42987060546875,3574930,0.0,0.0
2018-07-04,507.3139866163624,511.9878847794351,504.9770078189063,509.4562072753906,2633830,0.0,0.0
2018-07-05,507.70352516182504,510.6247190708532,506.1455194179047,507.8982238769531,5569560,0.0,0.0
2018-07-06,506.34022157228407,508.28768396294674,491.92901176774774,494.2659606933594,6821720,0.0,0.0
2018-07-09,496.60293277544463,497.77142215069574,492.7080078125,492.7080078125,4518830,0.0,0.0
2018-07-10,492.9027379168811,495.2396868185677,492.3184932624801,494.0711975097656,4009050,0.0,0.0
2018-07-11,491.1500168964443,491.5395034376695,483.3601672082662,489.592041015625,6102600,0.0,0.0
2018-07-12,491.53948447684553,498.74511893319215,490.5657533033843,497.5766296386719,3197770,0.0,0.0
2018-07-13,500.4978444943535,505.7560168279239,496.01867496230983,497.1871643066406,3304450,0.0,0.0
2018-07-16,496.60290815623387,501.86108036826937,496.2134216224321,499.8055114746094,2145140,0.0,0.0
2018-07-17,497.77139097201405,504.5875092302291,497.77139097201405,504.00323486328125,2987930,0.0,0.0
2018-07-18,505.9507260314711,508.4824629020654,504.7822960947148,505.1717529296875,3471530,0.0,0.0
2018-07-19,505.3665277827748,509.06669471254276,502.83485026025994,507.1192321777344,4186610,0.0,0.0
2018-07-20,507.3139462043514,509.65092481564665,502.2505321677682,506.53497314453125,1719790,0.0,0.0
2018-07-23,503.80849688171463,504.9769266608172,496.4081048336945,497.3818359375,2127360,0.0,0.0
2018-07-24,499.71889274423836,504.1980327516004,496.4081826992564,496.7976989746094,3658770,0.0,0.0
2018-07-25,496.60292711351497,498.9399058373725,494.8502227865407,498.7451477050781,3485380,0.0,0.0
2018-07-26,499.9136270607699,505.7560143216351,495.8239440917969,495.8239440917969,3340800,0.0,0.0
2018-07-27,504.1980320444719,504.1980320444719,475.76509722284464,480.4389953613281,8085890,0.0,0.0
2018-07-30,481.1206275411128,482.8733319447189,473.525505788339,474.4992370605469,4259970,0.0,0.0
2018-07-31,475.86248035931686,476.64145348374973,469.3384690074921,474.30450439453125,5460140,0.0,0.0
2018-08-01,464.4697739634982,468.9489433453234,458.14052127846105,466.417236328125,4950780,0.0,0.0
2018-08-02,465.1514175876843,472.941267379626,463.8855491669426,470.9938049316406,4237710,0.0,0.0
2018-08-03,470.799075270958,475.4729735423987,467.87788142232745,473.42816162109375,2388530,0.0,0.0
2018-08-06,476.1545495955167,485.9892405098959,473.4281141631364,474.0123291015625,2855690,0.0,0.0
2018-08-07,482.87328449077256,482.87328449077256,472.16224154910384,473.8175964355469,3901410,0.0,0.0
2018-08-08,472.3569886702341,478.5888621116171,471.1884993992613,477.1282653808594,3831610,0.0,0.0
2018-08-09,474.8887240717313,481.9969500343555,473.33074818904265,480.8284606933594,2562870,0.0,0.0
2018-08-10,479.3678589938066,481.70483765200197,475.8624504383496,476.836181640625,2686590,0.0,0.0
2018-08-13,476.8361797678004,481.8995641701946,475.27820390709525,480.5363464355469,2251310,0.0,0.0
2018-08-14,478.49149923878736,479.56260948742505,474.9860610232085,476.5440368652344,2212880,0.0,0.0
2018-08-15,479.2705452394335,481.1206287179699,475.86248577836943,478.29681396484375,3273150,0.0,0.0
2018-08-16,478.004677108872,482.8733334854462,475.57034892058493,482.0943603515625,6278750,0.0,0.0
2018-08-17,480.0494689941406,482.58117599084284,477.61514105806486,480.0494689941406,3091010,0.0,0.0
2018-08-20,479.75738019914496,480.8284607599683,476.5440493689198,479.5626220703125,2209190,0.0,0.0
2018-08-21,480.14685414267444,482.77591051742047,475.08344008506964,476.5440368652344,2828030,0.0,0.0
2018-08-22,474.304490044937,479.75739089875475,472.8438931938743,473.7202453613281,19013590,0.0,0.0
2018-08-23,474.2070819647387,479.8547108902722,474.1097029041087,478.78363037109375,2273570,0.0,0.0
2018-08-24,479.0757664623557,481.2179870605469,478.5889008460322,481.2179870605469,1837860,0.0,0.0
2018-08-28,481.89954291582416,484.1391424030337,479.5625940857975,479.65997314453125,1693130,0.0,0.0
2018-08-29,482.0943378895431,482.6785825706946,474.4992164664115,477.42041015625,2650880,0.0,0.0
2018-08-30,477.8099109662513,480.5363464355468,475.37558297012396,480.5363464355469,2364130,0.0,0.0
2018-08-31,484.6260868983976,484.6260868983976,470.79909035225245,479.1244812011719,1313751,0.0,10.0
2018-09-03,481.1205766918646,491.4421330295755,479.70865461001995,479.95208740234375,1692628,0.0,0.0
2018-09-04,481.07186466753865,482.3377329970786,475.4729105329673,477.1282653808594,2052966,0.0,0.0
2018-09-05,473.42815286393187,480.1955673251945,458.3839929353932,461.7433776855469,4581862,0.0,0.0
2018-09-06,461.7433635019289,470.4582402252228,458.91951914782476,468.7055358886719,3241758,0.0,0.0
2018-09-07,469.3384367491909,472.1622512760751,459.60112478344007,465.4435119628906,2544224,0.0,0.0
2018-09-10,467.29358163336485,468.5594499814596,464.27500906903686,467.3909606933594,2526228,0.0,0.0
2018-09-11,467.58576880060684,475.22953551470283,467.58576880060684,474.4992370605469,3824729,0.0,0.0
2018-09-12,474.4992202880775,475.8137634022761,470.5556206614008,472.5517578125,2377314,0.0,0.0
2018-09-13,473.37945318680397,473.6228860054453,463.2039791971473,465.73565673828125,2281820,0.0,0.0
2018-09-14,470.3121907445326,470.50694887965585,464.4698032818676,468.9002685546875,1840336,0.0,0.0
2018-09-17,469.5332146032278,469.5332146032278,464.90799122515836,465.0053405761719,1234861,0.0,0.0
2018-09-18,466.0277693321138,466.22249774718813,458.82216422415235,465.97906494140625,2197004,0.0,0.0
2018-09-19,465.3461466172667,467.3909881335346,462.8144394883596,463.4960632324219,1924541,0.0,0.0
2018-09-20,462.37626759431043,462.7657541322481,456.0956894498622,458.04315185546875,1772545,0.0,0.0
2018-09-21,458.1892307657869,464.4698092552924,456.2417682531861,460.3314514160156,3461327,0.0,0.0
2018-09-24,460.52616803606696,464.32371365009647,458.62738037109375,458.62738037109375,3113816,0.0,0.0
2018-09-25,458.62741545170275,466.1738325849314,457.6536842087055,463.8368835449219,2695035,0.0,0.0
2018-09-26,465.20007649561535,468.80289378864654,463.3499931759173,467.82916259765625,1483616,0.0,0.0
2018-09-27,469.63057688528795,469.63057688528795,460.2827805207486,464.2750549316406,2301289,0.0,0.0
2018-09-28,465.54087761074163,469.72790974899414,457.9944610547417,458.62738037109375,4292412,0.0,0.0
2018-10-01,459.4063885597328,465.29748040941774,456.24176201999177,463.8368835449219,2392279,0.0,0.0
2018-10-02,463.4960293527377,464.81057235395923,458.38394079370016,459.6011047363281,8018131,0.0,0.0
2018-10-03,459.26029958639157,463.64208984375,458.09184001397955,463.64208984375,2167861,0.0,0.0
2018-10-04,462.6143357607898,463.8379242335634,453.70660570444505,456.0069580078125,4465557,2.5,0.0
2018-10-05,456.15373765658177,457.5241506363623,439.2192868128566,442.9879150390625,4663914,0.0,0.0
2018-10-08,453.31503147601063,453.31503147601063,435.15696189385113,436.52740478515625,2920788,0.0,0.0
2018-10-09,435.01016606677695,436.38057917606244,425.5151374809832,431.5351867675781,3261121,0.0,0.0
2018-10-10,431.6819670521779,436.0868850833226,417.48834228515625,417.48834228515625,3852873,0.0,0.0
2018-10-11,412.64293326366135,422.18692262630987,407.3570374373625,418.07568359375,6072612,0.0,0.0
2018-10-12,421.5017450579507,426.2003126434486,418.56513284882345,424.6830749511719,5327913,0.0,0.0
2018-10-15,421.20808933109714,424.24259475712284,413.57290911198226,416.509521484375,3307299,0.0,0.0
2018-10-16,417.48837196027506,423.89996337890625,414.1112559472468,423.89996337890625,3581314,0.0,0.0
2018-10-17,421.4038466074441,426.5918494946207,415.38379763046197,420.4739074707031,6629579,0.0,0.0
2018-10-18,420.4739074297144,422.627434971029,415.971125998761,417.7820129394531,2938756,0.0,0.0
2018-10-19,416.9499657084894,417.48833261739077,411.174604969852,413.426025390625,2547577,0.0,0.0
2018-10-22,416.9989381825203,430.40947936425647,415.3348459636721,424.5362548828125,3608262,0.0,0.0
2018-10-23,422.48060107937437,423.6062964124458,415.38378848783134,421.7953796386719,4011879,0.0,0.0
2018-10-24,425.9555923796924,436.9189565098104,424.04681237897813,428.7943115234375,2807061,0.0,0.0
2018-10-25,424.7320038775733,438.2404378785751,422.333788512138,437.8978271484375,3458454,0.0,0.0
2018-10-26,432.514029891423,437.3104904036705,427.03234793195577,437.1636657714844,4447856,0.0,0.0
2018-10-29,437.75100823057835,442.00907206453235,429.8221492375104,437.35943603515625,3210294,0.0,0.0
2018-10-30,437.70206030893684,444.7009803635171,435.35277642755705,442.3027648925781,3225160,0.0,0.0
2018-10-31,447.6375525679178,450.18262232498563,439.4150447835746,442.59637451171875,4048827,0.0,0.0
2018-11-01,437.94676616435237,455.51750801934406,431.9756486340388,447.7354736328125,3639555,0.0,0.0
2018-11-02,452.0914417048722,463.49527945936194,450.37841796874994,450.37841796875,5124005,0.0,0.0
2018-11-05,449.10585641181353,459.6776776883436,448.1759471886906,453.1192321777344,2576272,0.0,0.0
2018-11-06,452.2872166772608,454.24495817115263,440.49183612566816,442.3516845703125,4825988,0.0,0.0
2018-11-07,444.5541483443447,448.7633105233625,437.3594423053991,442.2048645019531,4163783,0.0,0.0
2018-11-08,441.0791570448343,446.41398460127584,438.87669790167377,440.5897216796875,2885035,0.0,0.0
2018-11-09,439.0235106706444,446.462933994354,437.9957083807214,440.6386413574219,1914808,0.0,0.0
2018-11-12,442.49849618761493,444.9456729829734,430.11578757765375,436.38055419921875,3041228,0.0,0.0
2018-11-13,436.91898520957005,437.8488945409195,428.20704111088105,435.5975036621094,3489076,0.0,0.0
2018-11-14,429.57742509900766,438.680910923304,425.9066598677972,433.5418395996094,5833993,0.0,0.0
2018-11-15,433.5907962618337,439.31716606094636,416.9010326049505,422.92108154296875,3680195,0.0,0.0
2018-11-16,426.3471382639625,433.24819489500743,425.9066643552347,430.703125,2507345,0.0,0.0
2018-11-19,429.57742397868543,438.3872605106148,422.1380004882812,422.13800048828125,3383571,0.0,0.0
2018-11-20,419.2013816391274,422.089062183295,413.9154857786508,415.6285095214844,3753296,0.0,0.0
2018-11-21,415.4327355027199,419.39717991785574,409.60847253149205,417.24365234375,3630104,0.0,0.0
2018-11-22,415.72643391851113,423.89998106678917,414.06234163658644,418.9566955566406,3609667,0.0,0.0
2018-11-23,419.98446472567406,424.58516899588756,419.44609778613903,424.0957336425781,4344400,0.0,0.0
2018-11-26,427.7665108301574,430.1647560779676,424.3404632605795,429.43060302734375,2787303,0.0,0.0
2018-11-27,430.45840534911144,433.19923145566815,427.42390009864675,429.43060302734375,4041456,0.0,0.0
2018-11-28,430.2626220223376,437.40839635139156,425.8577036902446,435.0591125488281,7453435,0.0,0.0
2018-11-29,436.9189674297902,448.8122411274253,434.66754676983237,441.568603515625,3705945,0.0,0.0
2018-11-30,440.44291120058153,443.0858443336599,428.1580652169025,428.3538513183594,4773969,0.0,0.0
2018-12-03,428.8922046589256,440.10028647395234,424.9767217363331,439.5618896484375,2832515,0.0,0.0
2018-12-04,447.1970992711513,452.92349901999563,439.56188964843744,439.5618896484375,4529836,0.0,0.0
2018-12-05,434.71652369045654,448.5675393904812,430.8499721219451,444.0647277832031,3066389,0.0,0.0
2018-12-06,441.4706908523656,444.2604783544775,428.35382929383246,434.4717712402344,3776203,0.0,0.0
2018-12-07,437.1147396885446,443.08585748705855,431.3394079972997,431.6330871582031,2911863,0.0,0.0
2018-12-10,430.7520697082663,433.2482080914784,423.21478271484375,423.21478271484375,3618939,0.0,0.0
2018-12-11,428.9900778021166,434.1780804847314,418.27143184974136,421.6974792480469,4485740,0.0,0.0
2018-12-12,422.33379763713344,432.56297906551987,422.33379763713344,425.80877685546875,3453613,0.0,0.0
2018-12-13,424.73198366870747,430.996750069626,424.63409062578825,430.16473388671875,4321679,0.0,0.0
2018-12-14,426.39609245411384,433.9823405491933,426.39609245411384,430.605224609375,4513021,0.0,0.0
2018-12-17,430.703139095879,430.703139095879,418.5161860519009,423.8510437011719,3752243,0.0,0.0
2018-12-18,414.64963980667346,422.62743013932516,412.98554764624936,416.2647705078125,5532140,0.0,0.0
2018-12-19,416.80313923771115,418.2714453128174,413.18133550944066,415.87322998046875,3427356,0.0,0.0
2018-12-20,409.31476876181597,419.3971546868715,409.16794413440635,415.0411682128906,3514523,0.0,0.0
2018-12-21,415.04121932263735,421.50177257909957,408.92327682082964,412.0067138671875,4805029,0.0,0.0
2018-12-24,406.427129924037,417.68414306640625,406.427129924037,417.68414306640625,864673,0.0,0.0
2018-12-27,417.4394190566687,420.86546648280654,414.0133716305309,418.2225036621094,2473405,0.0,0.0
2018-12-28,418.02674447819356,422.08908201455847,416.31372065487597,419.005615234375,1567965,0.0,0.0
2018-12-31,420.57181239583593,429.4306106203257,420.57181239583593,423.11688232421875,768007,0.0,0.0
2019-01-02,421.45280361724997,429.7732052716781,417.6352135385949,429.7242736816406,2467349,0.0,0.0
2019-01-03,431.68199771112944,434.22706761776607,428.69645389375233,429.28375244140625,3196915,0.0,0.0
2019-01-04,430.3115908278293,441.32388684602626,427.22815391728716,439.5129699707031,2769090,0.0,0.0
2019-01-07,444.89674438427807,448.91012033017415,441.76434611607533,447.3928527832031,3168818,0.0,0.0
2019-01-08,448.61643325059407,464.1315399373772,447.6865240022256,460.1181640625,4264693,0.0,0.0
2019-01-09,464.22945824694426,467.9002235994504,456.9368591308594,456.9368591308594,2941883,0.0,0.0
2019-01-10,456.8879032896303,457.76888095291514,451.4551828054042,453.7065734863281,2188293,0.0,0.0
2019-01-11,454.19602449849947,460.9502266468769,452.23828301359214,459.92242431640625,2317738,0.0,0.0
2019-01-14,456.6921293627336,460.80339839791736,454.04919630248475,455.32171630859375,2672502,0.0,0.0
2019-01-15,455.90903097651244,462.8590189584365,454.0981141972222,459.4819030761719,2564823,0.0,0.0
2019-01-16,459.5308893279932,461.4396693825829,457.18157561039834,460.02032470703125,2570470,0.0,0.0
2019-01-17,456.0069312613754,460.21606341172975,452.53192227886086,456.8879089355469,1593667,0.0,0.0
2019-01-18,456.54529114064616,464.8656921386719,456.54529114064616,464.8656921386719,2609622,0.0,0.0
2019-01-21,461.48860346952694,468.291736910949,461.48860346952694,467.3128662109375,1568095,0.0,0.0
2019-01-22,468.14492413486045,471.86462093998904,459.72662992704096,461.8801574707031,2098829,0.0,0.0
2019-01-23,461.5375624329435,463.1037616204185,453.1682294004977,460.02032470703125,2232528,0.0,0.0
2019-01-24,471.81570454008266,472.1093538178689,456.4474217169533,461.0481262207031,2051465,0.0,0.0
2019-01-25,462.0269803177938,463.74000407956527,457.62206207323857,462.2716979980469,2094545,0.0,0.0
2019-01-28,460.90125805291297,463.5931523785273,459.82449434811485,461.48858642578125,1622376,0.0,0.0
2019-01-29,464.6210032360662,465.9424847450853,461.34178019450474,462.56536865234375,2185780,0.0,0.0
2019-01-30,458.69883490657406,463.6910816569556,458.6009418579854,461.9780578613281,2107812,0.0,0.0
2019-01-31,460.90128219122136,463.49528361175027,456.4963639731582,462.0269775390625,3192216,0.0,0.0
2019-02-01,463.3974044550731,472.647744939371,463.3974044550731,465.9424743652344,2130922,0.0,0.0
2019-02-04,465.94245974428105,468.73224725301696,463.69106905176494,468.4385681152344,5405630,0.0,0.0
2019-02-05,469.270607717013,470.0047607421875,463.93578032440246,470.0047607421875,2570636,0.0,0.0
2019-02-06,467.45971408026736,467.8512862779487,459.9713588274625,461.8312072753906,2043689,0.0,0.0
2019-02-07,455.3217246210586,466.28508899985565,451.99357003659816,456.0558776855469,3267168,0.0,0.0
2019-02-08,454.93015851017566,461.7822534204957,454.93015851017566,459.8734436035156,2191943,0.0,0.0
2019-02-11,464.7188692077733,464.7188692077733,458.64985886143114,461.7822570800781,2305314,0.0,0.0
2019-02-12,461.14602203991274,464.22945896624253,459.1393190537745,461.2928466796875,1708478,0.0,0.0
2019-02-13,464.57206488478,468.6343725311235,460.5097572384365,465.1593933105469,2011234,0.0,0.0
2019-02-14,465.69775669523096,472.25620263247765,461.6354490801144,463.2505798339844,2427218,0.0,0.0
2019-02-15,465.55093752959505,471.61991829315497,464.8167844625928,469.1238098144531,2409731,0.0,0.0
2019-02-18,467.3128578909463,471.22834062128146,466.2360941655516,470.2984313964844,1837780,0.0,0.0
2019-02-19,472.0604202721978,474.5565287413275,467.9491511636451,469.5153503417969,1390628,0.0,0.0
2019-02-20,471.37518665137617,472.8434927419187,466.82344374524735,467.90020751953125,1745533,0.0,0.0
2019-02-21,465.9424715909091,471.277329065583,464.5230970707807,468.3896484375,2326000,0.0,0.0
2019-02-22,469.95583006026055,472.8924421666074,467.21497417067894,467.9491271972656,1904998,0.0,0.0
2019-02-25,469.8579757659206,471.22838888735146,468.1449518959407,469.7111511230469,1660774,0.0,0.0
2019-02-26,468.9280273886094,471.7178150396314,465.6488342285157,465.6488342285156,3055563,0.0,0.0
2019-02-27,466.6766596559832,469.95588285098233,463.10378716646863,469.90692138671875,2028344,0.0,0.0
2019-02-28,472.7456508663417,476.2695617441975,466.87242623956166,471.9136047363281,2966897,0.0,0.0
2019-03-01,466.92135453814626,466.92135453814626,437.5552316112188,461.9291076660156,7531077,0.0,0.0
2019-03-04,467.0192601672759,492.56779377635024,462.5164485559872,485.7156982421875,4962186,0.0,0.0
2019-03-05,486.49874052303824,491.1973079592661,483.90473912860483,488.45648193359375,2887446,0.0,0.0
2019-03-06,486.3519398341908,489.9248121097891,483.1706098854259,484.638916015625,5430166,0.0,0.0
2019-03-07,483.3174528561242,491.197350771305,481.80021507980877,485.7156982421875,3902509,0.0,0.0
2019-03-08,481.3596874977948,494.52551093006343,481.3596874977948,486.84136962890625,3823292,0.0,0.0
2019-03-11,487.4776278409091,489.4353693181818,482.7300987839699,484.541015625,2579158,0.0,0.0
2019-03-12,486.0582366647663,489.7290018088646,484.1983882996425,485.76458740234375,3033231,0.0,0.0
2019-03-13,485.9603799018838,488.9948552294834,483.7579207863762,487.9181213378906,3445035,0.0,0.0
2019-03-14,486.89030493195435,491.2952233056561,485.91143418224283,490.41424560546875,3058083,0.0,0.0
2019-03-15,493.05721038791785,493.1550735650364,488.9948728634979,490.022705078125,4437296,0.0,0.0
2019-03-18,481.6043777514347,489.43534324332796,477.6888950054881,487.0860595703125,3828752,0.0,0.0
2019-03-19,484.83467384536914,497.4621305050361,484.83467384536914,495.01495361328125,2742807,0.0,0.0
2019-03-20,494.91706725599937,507.64235739244856,493.25297499799603,495.1128234863281,2585007,0.0,0.0
2019-03-21,497.26631018439963,499.90927299472105,493.25293438355567,495.7980041503906,2452773,0.0,0.0
2019-03-22,495.30856409009436,500.2029174901941,493.2529296875,493.2529296875,1667831,0.0,0.0
2019-03-25,491.1973173358714,494.42760864860986,488.40755967078593,489.826904296875,2879401,0.0,0.0
2019-03-26,491.68673706658086,496.4832273597281,489.72899568089224,495.4064636230469,2791407,0.0,0.0
2019-03-27,495.4064830358895,499.6156152309525,493.15506243046644,494.4276123046875,3422531,0.0,0.0
2019-03-28,496.28743862057667,503.0416702633272,495.21067488964815,497.8536376953125,2029373,0.0,0.0
2019-03-29,496.28747827866493,501.5734043123894,490.6100397859243,499.2240905761719,2045088,0.0,0.0
2019-04-01,500.59447212460515,506.2719401322973,499.1261660683894,504.9994201660156,2985972,0.0,0.0
2019-04-02,506.9571582322382,511.1662902832032,506.27193679474954,511.1662902832031,2881154,0.0,0.0
2019-04-03,510.67685076357253,515.6690673828125,508.42546012637655,515.6690673828125,2045190,0.0,0.0
2019-04-04,515.277598796163,518.7036465016015,507.15292358398443,507.1529235839844,3429861,0.0,0.0
2019-04-05,506.07614023316046,509.0127522654612,505.390918809852,506.46771240234375,2374513,0.0,0.0
2019-04-08,507.4466231852264,509.01279249469053,503.72686652057234,504.1184387207031,3386715,0.0,0.0
2019-04-09,502.9437680426131,510.48108459649916,500.20294195361663,505.58673095703125,3942395,0.0,0.0
2019-04-10,507.2508030820654,510.2852783203125,505.7824970482957,510.2852783203125,3111170,0.0,0.0
2019-04-11,510.97050002137627,516.843724159553,510.18741541872447,515.6690673828125,2350096,0.0,0.0
2019-04-12,518.4098601765044,518.7035691610306,513.8092160258841,518.1162109375,4758820,0.0,0.0
2019-04-15,518.3120655511403,519.8782348632812,516.9416225938697,519.8782348632812,1512417,0.0,0.0
2019-04-16,521.4444943102409,532.1141503302692,519.6825387950148,528.9818115234375,3635135,0.0,0.0
2019-04-17,532.2120345195749,532.7014698907083,526.7303225155634,528.8838500976562,2568638,0.0,0.0
2019-04-18,531.428913031369,537.3021370777846,530.7436916101824,532.1140747070312,1617811,0.0,0.0
2019-04-23,528.6880421450968,539.5535427824158,528.6880421450968,537.6936645507812,2329217,0.0,0.0
2019-04-24,537.693671817077,542.0007268614214,536.4211518366429,541.5112915039062,1741949,0.0,0.0
2019-04-25,544.1542995354782,547.4824243954206,536.0296241301495,537.9873657226562,1337144,0.0,0.0
2019-04-26,542.6859298173352,546.4056264585851,538.0852256643705,544.1542358398438,1627578,0.0,0.0
2019-04-29,548.1675966414083,548.1675966414083,535.8338496151873,536.9105834960938,1155192,0.0,0.0
2019-04-30,527.219809592995,534.2676915776324,523.5001123566831,529.1775512695312,3521926,0.0,0.0
2019-05-01,528.8838557164561,529.1775049931501,521.4444618944045,523.989501953125,1020592,0.0,0.0
2019-05-02,523.5950511580224,536.5147762883008,520.34040968971,531.0904541015625,2510294,4.0,0.0
2019-05-03,530.400000436252,538.4871826171875,528.2302598225383,538.4871826171875,1491290,0.0,0.0
2019-05-07,546.2785548758787,546.2785548758787,537.895511886565,539.1776123046875,2718265,0.0,0.0
2019-05-08,540.0651836193945,549.2372668954325,540.0651836193945,547.8565063476562,2184242,0.0,0.0
2019-05-09,546.081289223447,550.5193707609759,543.3198283058291,544.6019287109375,1452949,0.0,0.0
2019-05-10,548.9413562456224,552.5904575897518,543.5170343056643,549.3358764648438,1156757,0.0,0.0
2019-05-13,547.3633875389728,551.9987291662073,541.1500854492188,541.1500854492188,1112458,0.0,0.0
2019-05-14,542.234935952664,546.7716777096645,540.361115392556,541.5445556640625,3278470,0.0,0.0
2019-05-15,539.1776301493334,553.3794555664062,539.1776301493334,553.3794555664062,1614020,0.0,0.0
2019-05-16,554.8587712362929,565.2142944335938,553.0835507272504,565.2142944335938,2312485,0.0,0.0
2019-05-17,562.1569954805841,565.5102367247421,554.8587928646326,560.3817749023438,1282151,0.0,0.0
2019-05-20,557.718885037032,561.2693260095335,555.9436645507812,555.9436645507812,1211093,0.0,0.0
2019-05-21,556.2395513640498,558.6065522564982,555.4505711316781,556.929931640625,864214,0.0,0.0
2019-05-22,560.1845127791818,562.551513671875,557.0285316540352,562.551513671875,1768999,0.0,0.0
2019-05-23,559.8886201493872,562.2555607090693,552.097297843192,555.7463989257812,1780260,0.0,0.0
2019-05-24,555.0560794184452,562.7487424208999,555.0560794184452,561.3680419921875,1322917,0.0,0.0
2019-05-28,561.3680742843125,567.4827770927418,559.7900534524347,567.0882568359375,2456790,0.0,0.0
2019-05-29,562.5515523552367,566.0033937804994,556.732709874516,557.225830078125,1059473,0.0,0.0
2019-05-30,559.198323697313,575.7671508789062,558.1134833026671,575.7671508789062,1989279,0.0,0.0
2019-05-31,573.9919133161501,575.4712739174803,567.186830471896,570.638671875,2266400,0.0,0.0
2019-06-03,571.3290186309375,571.3290186309375,557.7189139373164,560.3817749023438,1899286,0.0,0.0
2019-06-04,560.1845285106958,560.9735087653058,551.604225277891,557.5216674804688,1801902,0.0,0.0
2019-06-05,557.6203346177288,563.1432566645003,555.056073513964,556.6340942382812,4327853,0.0,0.0
2019-06-06,563.8336242863892,564.6226045331329,557.8175219898836,562.9459838867188,1317252,0.0,0.0
2019-06-07,572.6111293179465,575.3726504840471,567.5813275567417,572.0194091796875,2028092,0.0,0.0
2019-06-10,573.6959806513455,577.7395417052584,570.7372598230202,576.9505615234375,2146302,0.0,0.0
2019-06-11,577.1478710941585,577.6409912744858,571.1317687769646,572.0194091796875,1498548,0.0,0.0
2019-06-12,576.9505978203797,579.6134587724636,571.7235360672275,573.7946166992188,1296009,0.0,0.0
2019-06-13,574.4849935501558,580.0079153327623,573.5973531729752,577.0491943359375,1868199,0.0,0.0
2019-06-14,575.1753576262913,576.9505781353339,565.1156944812757,565.2142944335938,2012952,0.0,0.0
2019-06-17,567.8772101401624,573.4987924578362,565.8061293788105,571.7235717773438,1540605,0.0,0.0
2019-06-18,570.1455629418325,577.6410262539009,569.4552428038392,575.5698852539062,1712533,0.0,0.0
2019-06-19,567.2855152549746,571.3290769960064,563.6364135742188,563.6364135742188,1392872,0.0,0.0
2019-06-20,565.7074346016883,569.9483162173747,560.7762329046884,562.551513671875,1795117,0.0,0.0
2019-06-21,563.0446186569186,566.1019395484728,555.8450162171972,560.8748779296875,6358086,0.0,0.0
2019-06-24,557.6203426708856,563.3405249152247,557.6203426708856,559.1983032226562,1726727,0.0,0.0
2019-06-25,556.6341040298296,559.7900251433075,550.913861572143,552.4918823242188,1936474,0.0,0.0
2019-06-26,549.5331786751801,553.3794802282583,545.9826770161786,546.377197265625,2832390,0.0,0.0
2019-06-27,540.1638815196311,540.3611416395752,522.2142941207933,527.8358764648438,3052019,0.0,0.0
2019-06-28,527.7371724140864,529.9069131623341,522.2142506870307,527.3427124023438,2775260,0.0,0.0
2019-07-01,532.4711714671305,536.9092528956367,529.0193303560702,535.1339721679688,2328282,0.0,0.0
2019-07-02,543.122604955911,543.122604955911,531.7808402590821,535.8244018554688,1464066,0.0,0.0
2019-07-03,540.2624085981918,540.6569287848573,533.0628666565128,538.6844482421875,2560411,0.0,0.0
2019-07-04,540.9528578012113,542.8267386338078,535.9230558542116,536.7120361328125,915425,0.0,0.0
2019-07-05,538.6845169269827,540.1638775226105,534.6408951817316,536.7120361328125,1378604,0.0,0.0
2019-07-08,537.895488504563,543.9115303101878,534.1477271748098,534.936767578125,2257230,0.0,0.0
2019-07-09,534.8380996735087,539.5720410480889,528.6247978571641,531.2876586914062,2157847,0.0,0.0
2019-07-10,532.0766864164381,535.2326676798474,528.5262451171875,528.5262451171875,1505657,0.0,0.0
2019-07-11,531.4849805264885,532.2739608146777,519.3541753386454,520.0445556640625,2733018,0.0,0.0
2019-07-12,522.5101677387837,525.2716289035249,517.6776257493212,520.4390869140625,2969794,0.0,0.0
2019-07-15,522.115669752072,526.2578311005846,520.932169283068,524.6798706054688,1526954,0.0,0.0
2019-07-16,523.0032809978725,523.2991410838493,508.50553483162594,511.16839599609375,2357044,0.0,0.0
2019-07-17,510.5766586795041,513.1408595989844,501.10874497647,511.6614990234375,6095467,0.0,0.0
2019-07-18,507.71649529146595,515.2119577018115,506.43439493828333,510.08349609375,1560000,0.0,0.0
2019-07-19,510.97112597933153,516.1982482435039,504.8564535720837,505.15234375,2359590,0.0,0.0
2019-07-22,506.2371639651819,513.8312267644917,502.58809269743165,513.4367065429688,1744004,0.0,0.0
2019-07-23,516.7899476069241,516.7899476069241,504.1660830632264,505.5467834472656,2705554,0.0,0.0
2019-07-24,504.36330464892166,511.9573372202534,504.36330464892166,506.3358154296875,2812370,0.0,0.0
2019-07-25,509.6890092384731,513.5353707449785,503.7715670409784,504.5605773925781,2046512,0.0,0.0
2019-07-26,529.512434725993,529.512434725993,490.6545432991448,517.6775512695312,4744188,0.0,0.0
2019-07-29,516.1982047636991,537.795868411934,515.9022845130401,526.0606079101562,3173913,0.0,0.0
2019-07-30,530.4987569425656,530.8202602501774,520.5376923778239,520.6363525390625,2669232,0.0,0.0
2019-07-31,517.7762141017078,523.6936565485845,513.7326525078104,521.1294555664062,2450068,0.0,0.0
2019-08-01,520.932157669181,523.989478633557,510.8724941999229,519.7486572265625,2956299,0.0,0.0
2019-08-02,518.9596583907903,519.1569184900434,507.8151550292969,507.8151550292969,2689851,0.0,0.0
2019-08-05,506.33582408167786,511.36562583139386,497.2624007453133,497.6568908691406,3499073,0.0,0.0
2019-08-06,495.48717095045,505.250944891113,495.3885408909143,496.17755126953125,4110231,0.0,0.0
2019-08-07,496.96651931191303,503.5743418683858,496.1775390503944,502.4894714355469,1738709,0.0,0.0
2019-08-08,504.95509884281574,511.9573817994147,504.65923875365525,511.36566162109375,2400111,0.0,0.0
2019-08-09,508.40692558578354,516.7022041745411,508.40692558578354,511.9573669433594,2563163,0.0,0.0
2019-08-12,512.8449843588653,520.1431870605674,510.28078351520463,515.6064453125,1549048,0.0,0.0
2019-08-13,503.37706122592067,515.2119753497342,503.37706122592067,511.8587341308594,2021335,0.0,0.0
2019-08-14,511.2670449444409,513.2395257348202,507.0261630888562,508.5055236816406,1919203,0.0,0.0
2019-08-15,508.01239776034305,511.16837902845924,501.1087451694664,506.0399169921875,2988584,0.0,0.0
2019-08-16,507.9137498866659,509.88623046875006,503.4756685769766,509.88623046875,1955330,0.0,0.0
2019-08-19,512.8450163630129,525.0872432075455,512.8450163630129,516.7899780273438,3116727,0.0,0.0
2019-08-20,520.1431732104949,523.3977542547366,512.844970703125,512.844970703125,1655042,0.0,0.0
2019-08-21,514.0285351063349,526.5538008732508,514.0285351063349,525.3703002929688,1484352,0.0,0.0
2019-08-22,522.6088051297702,526.6523666381836,515.4092021486722,520.7349243164062,2757973,0.0,0.0
2019-08-23,519.7487120646115,533.9505984837916,519.7487120646115,520.6363525390625,1422560,0.0,0.0
2019-08-27,519.7486647769192,523.6936261794006,512.647722213386,523.3977661132812,2354773,0.0,0.0
2019-08-28,524.6798513372814,527.5399723493957,517.3816488758856,521.7211303710938,2038261,0.0,0.0
2019-08-29,519.650065404853,532.2739298679346,519.650065404853,527.9344482421875,1759317,0.0,0.0
2019-08-30,530.8931748418053,534.2464161508419,526.8496134356152,528.1317138671875,2588894,0.0,0.0
2019-09-02,529.7096293564026,537.0078314933979,529.7096293564026,534.344970703125,1093752,0.0,0.0
2019-09-03,531.9780442108049,538.0926859411226,518.4665400030001,525.8633422851562,2425645,0.0,0.0
2019-09-04,524.9757421599699,530.8931844391249,524.9757421599699,529.611083984375,1763504,0.0,0.0
2019-09-05,529.1179754514161,533.2601971771488,526.6523744474487,528.9207153320312,2365316,0.0,0.0
2019-09-06,529.9069154228025,536.9092578585936,529.1179352006192,536.4161376953125,1468540,0.0,0.0
2019-09-09,540.6569805326967,541.6905344315979,531.5835571289062,531.5835571289062,1825094,0.0,0.0
2019-09-10,528.0331489227518,530.893210045088,510.28082122905903,511.36566162109375,3084295,0.0,0.0
2019-09-11,513.0422836895742,523.5950683289119,510.3794224896906,520.4390869140625,1523702,0.0,0.0
2019-09-12,522.805949707504,530.2027518267122,518.8609885772596,526.5537109375,2042347,0.0,0.0
2019-09-13,527.0468666092247,535.3312494240251,523.0032450609289,534.640869140625,1494603,0.0,0.0
2019-09-16,527.2441110563544,536.4161952334837,524.0881898291044,529.5125122070312,1532553,0.0,0.0
2019-09-17,526.0606088503723,536.2188720703125,526.0606088503723,536.2188720703125,2344966,0.0,0.0
2019-09-18,535.7257422517491,540.2969756671254,533.1614813581277,534.739501953125,1323152,0.0,0.0
2019-09-19,535.6271300814115,539.3748917081393,532.5698089599609,536.5147705078125,1208022,0.0,0.0
2019-09-20,532.569780323216,539.7693227218522,530.9918198670581,532.07666015625,4289118,0.0,0.0
2019-09-23,533.4574746334496,533.741476242697,526.948251654229,528.4276123046875,3768755,0.0,0.0
2019-09-24,526.6523683219366,534.9368116770454,523.6788390988562,529.808349609375,1743343,0.0,0.0
2019-09-25,532.07670401114,532.56982421875,523.0032801520493,532.56982421875,2700326,0.0,0.0
2019-09-26,533.7533569569297,543.911621807466,532.668456317534,538.2900390625,1787554,0.0,0.0
2019-09-27,540.4597318428187,544.7005534660218,531.5835683636483,542.1363525390625,1723659,0.0,0.0
2019-09-30,543.4184460089369,545.1936666428574,539.8680047410961,543.02392578125,1313319,0.0,0.0
2019-10-01,546.1799373758317,552.8863602519343,543.0239559649191,550.9138793945312,1814578,0.0,0.0
2019-10-02,546.5744065678501,548.4285432162341,530.0055809524895,530.9918212890625,2715715,0.0,0.0
2019-10-03,536.9401458631831,539.7161035699222,524.4485782229399,527.0261840820312,2737964,2.8,0.0
2019-10-04,530.3969321339877,542.0953944229767,523.7605564204054,537.9315185546875,1603813,0.0,0.0
2019-10-07,541.5006375935167,541.5006375935167,531.3883838583859,534.7591552734375,2007631,0.0,0.0
2019-10-08,537.3367276053575,542.2937084873257,530.7935370451676,533.1728515625,1755790,0.0,0.0
2019-10-09,530.0003628223876,533.7677166376242,514.5346069335938,514.5346069335938,2402253,0.0,0.0
2019-10-10,520.4829711914062,520.4829711914062,509.1810310415285,520.4829711914062,2165437,0.0,0.0
2019-10-11,516.3191468444999,566.285541269139,516.3191468444999,552.2077026367188,3869796,0.0,0.0
2019-10-14,546.4575924489062,564.4890947485247,524.9442830074104,546.6558837890625,2302999,0.0,0.0
2019-10-15,547.250709579329,567.6734473632441,547.250709579329,563.3113403320312,2872544,0.0,0.0
2019-10-16,560.5354365778348,563.9061473571966,550.6452550006993,554.9835815429688,2196499,0.0,0.0
2019-10-17,553.1990923200335,563.5096372411188,547.250714983259,555.181884765625,2996279,0.0,0.0
2019-10-18,554.7852783203125,567.2769064987453,553.5956513119081,554.7852783203125,1697678,0.0,0.0
2019-10-21,556.7680613283353,572.03558645328,553.7938728372437,564.8975219726562,1881062,0.0,0.0
2019-10-22,566.4838326489518,578.578818302935,564.8975623675926,568.6648559570312,1992323,0.0,0.0
2019-10-23,562.7164608996651,572.6304229346135,553.00079020742,571.4407958984375,2683217,0.0,0.0
2019-10-24,575.0097857765644,586.1134351211505,571.2424923855497,582.5443725585938,2421352,0.0,0.0
2019-10-25,585.3203390018028,589.8807373046875,579.1736704774639,589.8807373046875,1465513,0.0,0.0
2019-10-28,587.5013336054905,598.0101690893293,580.9581432270769,597.6135864257812,1653072,0.0,0.0
2019-10-29,596.027427611197,596.027427611197,587.6996750467795,591.2687377929688,2110717,0.0,0.0
2019-10-30,585.7168569110297,594.2429004504753,585.1220434010778,591.863525390625,1911881,0.0,0.0
2019-10-31,597.811874264718,598.3383114256443,589.6824137896286,593.44970703125,1882827,0.0,0.0
2019-11-01,579.1736484424423,589.4167240328089,579.1736484424423,583.3375244140625,2283959,0.0,0.0
2019-11-04,588.691044329114,589.4841491775053,582.9409585407502,586.708251953125,1436415,0.0,0.0
2019-11-05,585.5185741241424,588.2945319045253,582.5443855108941,587.89794921875,2030201,0.0,0.0
2019-11-06,594.6394085438681,594.6394085438681,586.5099478768487,592.6566162109375,1208610,0.0,0.0
2019-11-07,594.8376921823553,601.9757565905475,585.5185441341574,590.4755249023438,2457523,0.0,0.0
2019-11-08,586.1134643554688,592.0618417464038,581.3547745447255,586.1134643554688,1384717,0.0,0.0
2019-11-11,582.5443833727352,591.6652405218908,579.1736725961056,588.8893432617188,1380473,0.0,0.0
2019-11-12,587.5013752316073,592.6566476729051,578.380578423953,583.932373046875,2311634,0.0,0.0
2019-11-13,588.8893639055136,592.2601353103292,580.1650891348443,585.1220703125,1693679,0.0,0.0
2019-11-14,587.5013643766217,588.8893432617188,581.1564649976602,588.8893432617188,1684109,0.0,0.0
2019-11-15,593.8463122810692,595.0359997999971,583.5357677970557,588.6910400390625,2171581,0.0,0.0
2019-11-18,595.4324986137865,599.9929571724813,588.8893082813346,599.5963745117188,1506595,0.0,0.0
2019-11-19,600.5878041982869,609.1138478007387,599.9929906839395,601.1826782226562,1379187,0.0,0.0
2019-11-20,603.165483013708,607.5275900652922,597.4153365434012,606.5361938476562,1919311,0.0,0.0
2019-11-21,605.3464795351599,616.021838859818,596.6222053074806,613.2776489257812,4232066,0.0,0.0
2019-11-22,617.045037798028,627.6589195440882,612.8811615297396,625.1744384765625,1699569,0.0,0.0
2019-11-25,624.5795919785248,635.4849499337055,622.3985082854847,623.5881958007812,2283822,0.0,0.0
2019-11-26,626.5624182538485,626.5624182538485,613.0794537106233,613.87255859375,5641907,0.0,0.0
2019-11-27,616.6484128963262,626.7606658529002,615.2604340652205,622.3984985351562,2042869,0.0,0.0
2019-11-28,622.7951190361001,626.3641212328592,621.034398376894,622.0020141601562,1011165,0.0,0.0
2019-11-29,619.4243066307198,624.298025627831,618.2346191406249,618.234619140625,1549365,0.0,0.0
2019-12-02,616.8467093177724,622.2002123318586,613.4759381344431,614.26904296875,2160951,0.0,0.0
2019-12-03,623.588186868918,635.6832321661537,613.0794117393639,616.2518310546875,5044684,0.0,0.0
2019-12-04,615.6570575170226,618.8295375482616,611.294889910316,614.8639526367188,2823456,0.0,0.0
2019-12-05,616.0535909728651,620.0191755674506,611.6914237148135,615.0621948242188,2563401,0.0,0.0
2019-12-06,609.7086588275265,629.9331653731311,609.7086588275265,624.7778930664062,3029324,0.0,0.0
2019-12-09,616.4501611719643,623.7865174477449,611.4931800423891,621.0106201171875,1932746,0.0,0.0
2019-12-10,624.5796159170206,624.5796159170206,609.906964026054,612.682861328125,2380106,0.0,0.0
2019-12-11,612.8811440213133,616.6484374859432,596.8205134510254,605.3464965820312,3139964,0.0,0.0
2019-12-12,609.3120846331531,612.4845645976354,603.7602900778257,609.5103759765625,2338672,0.0,0.0
2019-12-13,642.4247589825468,655.0135064128316,631.3211090709672,635.4849853515625,4310179,0.0,0.0
2019-12-16,638.4591566653024,647.3817225193206,633.8987583217021,643.4161376953125,2717631,0.0,0.0
2019-12-17,642.4247343568361,645.160997536626,625.9675817239258,629.9331665039062,4206497,0.0,0.0
2019-12-18,629.9331427256304,637.0711466521376,626.7606629193943,629.5365600585938,2123432,0.0,0.0
2019-12-19,634.0969989179772,637.2694789280343,628.1486215903789,633.3038940429688,4953532,0.0,0.0
2019-12-20,634.4935497889708,637.0711556309803,632.114174773254,636.8729248046875,4032817,0.0,0.0
2019-12-23,635.4849809851283,643.2178594473733,635.326384213349,637.4677734375,4480683,0.0,0.0
2019-12-24,636.4763610399943,647.342085186528,634.6918599802044,639.2522583007812,652820,0.0,0.0
2019-12-27,641.4333194651231,675.2676786241776,639.6884525311881,644.0109252929688,1149653,0.0,0.0
2019-12-30,642.2264490752082,646.1920338926037,638.2608642578125,638.2608642578125,1475471,0.0,0.0
2019-12-31,636.0797903631642,637.229843863643,627.9503897695449,628.1486206054688,515339,0.0,0.0
2020-01-02,631.9159713057297,638.8557448070037,628.7434913174285,635.2866821289062,1283221,0.0,0.0
2020-01-03,631.7176492438947,636.8332268373957,629.5216801112165,632.7090454101562,1871128,0.0,0.0
2020-01-06,625.3726853915791,636.0401177507836,625.2140886304471,634.6918334960938,1960797,0.0,0.0
2020-01-07,637.4677791000353,640.0453851070056,629.1400265220905,629.3383178710938,1562995,0.0,0.0
2020-01-08,627.3554764099301,636.2780418280835,623.9768389676558,629.5365600585938,1942690,0.0,0.0
2020-01-09,629.9331419343681,639.0539381645638,626.5623707988476,635.6832275390625,2035181,0.0,0.0
2020-01-10,635.8815627148682,639.8768580351234,631.8762832407391,632.3125,1570358,0.0,0.0
2020-01-13,634.493566499354,644.6058198174418,631.8762660151389,640.24365234375,1946936,0.0,0.0
2020-01-14,642.4247382682888,652.1404089363913,640.0156527609854,650.55419921875,2695060,0.0,0.0
2020-01-15,653.9249209257425,654.9163171433437,644.0109587497305,645.5972290039062,1840558,0.0,0.0
2020-01-16,648.1748381365018,649.800742463727,644.0109619002026,649.7611083984375,1358200,0.0,0.0
2020-01-17,650.55419602777,658.8818877695724,647.9765296117189,657.6922607421875,2767367,0.0,0.0
2020-01-20,657.295654296875,664.2354274191648,654.519757149963,657.295654296875,760199,0.0,0.0
2020-01-21,655.1145740285071,663.2440346872154,651.1489893667001,661.4595336914062,1506816,0.0,0.0
2020-01-22,664.8302871663847,668.9941634314607,662.0543898263419,664.2354736328125,1445388,0.0,0.0
2020-01-23,668.9941118093639,671.4706053607409,665.395338933888,665.4251098632812,1939638,0.0,0.0
2020-01-24,656.3042655871941,672.9597091677654,655.9076829145532,670.7786254882812,1839964,0.0,0.0
2020-01-27,665.4251085118902,667.6061921456309,658.2870441242023,660.2698364257812,1679044,0.0,0.0
2020-01-28,661.2612466127646,664.4337264646349,651.1489935580615,659.4767456054688,1516967,0.0,0.0
2020-01-29,662.0543339046249,663.8388348646337,654.123164740125,656.10595703125,1517948,0.0,0.0
2020-01-30,652.1403738085565,662.4509179479089,651.7438516555161,661.26123046875,1534502,0.0,0.0
2020-01-31,664.8302395842268,669.5889895523131,650.1575885426788,652.140380859375,2409471,0.0,0.0
2020-02-03,657.8904878960797,665.4251352508578,655.9076955148256,664.8302612304688,1666299,0.0,0.0
2020-02-04,666.4165475682123,677.123614584082,663.8388811041918,674.3477172851562,1987180,0.0,0.0
2020-02-05,671.7700337155335,691.3997266731475,671.5718028856758,682.2788696289062,6600445,0.0,0.0
2020-02-06,684.8564690817811,688.0289489599696,675.7356121232472,685.2530517578125,1399452,0.0,0.0
2020-02-07,682.2788513811568,687.8306456891559,680.890872549147,685.0547485351562,1563408,0.0,0.0
2020-02-10,684.8564858225717,690.2100495297548,680.8909010054057,688.623779296875,1207020,0.0,0.0
2020-02-11,692.5893258925806,701.9084739026401,692.5893258925806,695.1669921875,1841452,0.0,0.0
2020-02-12,693.9773229582893,704.486098216221,680.8908813376432,692.39111328125,1566552,0.0,0.0
2020-02-13,691.7962411223604,692.1928237976924,678.7097994666709,680.0977783203125,2922277,0.0,0.0
2020-02-14,686.8392934748299,686.8392934748299,675.5374128010867,681.6840209960938,2830446,0.0,0.0
2020-02-17,687.4341277968794,687.4341277968794,679.8994806063766,683.0719604492188,867450,0.0,0.0
2020-02-18,678.1150231419041,686.4427757002879,676.5288133736518,679.7012329101562,2624945,0.0,0.0
2020-02-19,680.8908961671202,693.1842332169897,677.6331576132034,685.4513549804688,1809058,0.0,0.0
2020-02-20,688.6237526514608,688.6237526514608,681.2874573295854,684.0633544921875,1339127,0.0,0.0
2020-02-21,686.0461510946584,686.0461510946584,679.7011913891969,682.08056640625,1579630,0.0,0.0
2020-02-24,672.3649271961417,673.3563234142102,661.0629861061502,662.0543823242188,2678978,0.0,0.0
2020-02-25,662.0543654179157,669.9805731381679,646.1920263338804,647.3817138671875,2208213,0.0,0.0
2020-02-26,642.0281598564485,649.3645159969111,624.1830281191287,648.5714111328125,3727792,0.0,0.0
2020-02-27,640.2436264583738,644.8040850892194,623.1916004461214,629.5365600585938,3593248,0.0,0.0
2020-02-28,589.4841635886442,619.0278191211512,585.1220565608406,613.6742553710938,6016345,0.0,0.0
2020-03-02,616.4501645914177,627.9503971818381,603.1654913964801,613.87255859375,7108326,0.0,0.0
2020-03-03,616.053591804641,630.3296600584125,616.053591804641,620.2174072265625,3964591,0.0,0.0
2020-03-04,620.4157243454749,623.1916215788061,603.1654669247602,608.3206787109375,4943685,0.0,0.0
2020-03-05,610.7000283114876,616.4501138786504,598.6049831812369,608.91552734375,3671208,0.0,0.0
2020-03-06,597.2171064024216,599.9930037130257,584.0275551330084,595.2343139648438,2793483,0.0,0.0
2020-03-09,565.6906127929688,577.7856577925593,554.5870244425429,565.6906127929688,4545317,0.0,0.0
2020-03-10,575.009802484597,585.1220559406411,558.1560668945312,558.1560668945312,4172791,0.0,0.0
2020-03-11,567.4751978368197,584.5271637308372,553.3973599738338,554.7852783203125,3913585,0.0,0.0
2020-03-12,535.5522437842686,539.3195372735129,500.4567938091523,511.3621520996094,5590989,0.0,0.0
2020-03-13,526.827929353516,551.8110635005781,518.6984689597812,532.7763061523438,5159990,0.0,0.0
2020-03-16,507.3965508957583,511.95700961245785,471.30973613175735,510.56903076171875,5735586,0.0,0.0
2020-03-17,520.6812959337815,524.4485893888234,482.3142509218575,499.46539306640625,5720088,0.0,0.0
2020-03-18,478.1503776809242,481.322857639668,405.1836411799288,464.5682678222656,7494714,0.0,0.0
2020-03-19,469.1286764985911,481.9176809520608,446.7508610047282,470.9131774902344,5687663,0.0,0.0
2020-03-20,491.6333712690207,510.37075346433517,414.50275873803906,417.2786560058594,7686769,0.0,0.0
2020-03-23,397.6490194850672,409.05007571665965,369.88992605162457,396.6576232910156,5351573,0.0,0.0
2020-03-24,405.87759099341594,434.4298191974218,398.24385854250914,429.9685363769531,3864741,0.0,0.0
2020-03-25,438.19711875345433,460.2061264127589,418.1709034866994,443.94720458984375,3824151,0.0,0.0
2020-03-26,432.7444365620539,485.78413268134346,431.25734227833556,484.99102783203125,3830935,0.0,0.0
2020-03-27,473.0942779458758,473.1933933617002,446.8222786900866,466.05535888671875,4798650,0.0,0.0
2020-03-30,468.0381597651199,481.6202697753907,443.1541086850467,481.6202697753906,2556949,0.0,0.0
2020-03-31,484.89186750620456,496.3821453605059,447.1107425625505,483.20648193359375,3475822,0.0,0.0
2020-04-01,472.00373853673324,475.4736252489787,446.32658291711914,453.7620544433594,3392158,0.0,0.0
2020-04-02,452.67149243319835,460.2061092956429,440.8738841873362,443.1540832519531,4094215,0.0,0.0
2020-04-03,442.65840020613234,448.80506870517587,428.7788535031405,436.2143249511719,2443527,0.0,0.0
2020-04-06,436.80917785314705,468.2364196777344,436.80917785314705,468.2364196777344,2974408,0.0,0.0
2020-04-07,477.8529672162503,522.4657961057343,476.0684661626753,494.3101501464844,4429369,0.0,0.0
2020-04-08,489.0557310817256,499.8619738154376,478.2495186030244,494.80584716796875,3130331,0.0,0.0
2020-04-09,497.6808973684819,512.7768772909054,491.435113348133,502.63787841796875,2423192,0.0,0.0
2020-04-14,509.9742172167797,515.3277202619901,484.5944388012671,499.2671203613281,3408590,0.0,0.0
2020-04-15,487.469525367083,503.4309800395593,465.4605175471922,473.29254150390625,2993589,0.0,0.0
2020-04-16,473.4908366189392,481.3694533555065,470.913200418279,474.3830871582031,2859339,0.0,0.0
2020-04-17,486.2798207935381,497.2843243181553,473.887368683611,478.1503601074219,5330892,0.0,0.0
2020-04-20,477.9521002705032,500.3625913612105,475.37446417392823,483.3056335449219,4232510,0.0,0.0
2020-04-21,477.95210387413243,483.3948592144104,455.1499917606041,456.1413879394531,4056950,0.0,0.0
2020-04-22,463.57684935105374,466.3527464903675,448.90416806536876,449.3007507324219,4092322,0.0,0.0
2020-04-23,453.0680494387388,468.3355443972698,453.0680494387388,463.7751159667969,3779127,0.0,0.0
2020-04-24,460.9992429987224,469.42611088149476,454.1586151213566,461.098388671875,2073926,0.0,0.0
2020-04-27,462.7837437303986,469.92180862159205,458.61989775637886,466.74932861328125,1804197,0.0,0.0
2020-04-28,467.93899921022853,486.3789742979049,463.4777163787751,485.982421875,3876955,0.0,0.0
2020-04-29,487.76692017421396,514.3363256751954,482.9090849470582,507.0,3331654,0.0,0.0
2020-04-30,513.2000122070312,519.7999877929688,494.6000061035156,497.6000061035156,3809828,4.4,0.0
2020-05-01,494.0,518.7999877929688,484.0,500.0,1962648,0.0,0.0
2020-05-04,500.79998779296875,504.20001220703125,487.5,494.6000061035156,2087737,0.0,0.0
2020-05-05,506.0,506.0,485.3999938964844,495.1000061035156,4589203,0.0,0.0
2020-05-06,494.5,502.3999938964844,485.0,497.29998779296875,4869888,0.0,0.0
2020-05-07,502.3999938964844,520.7999877929688,502.3999938964844,520.7999877929688,5694698,0.0,0.0
2020-05-11,523.4000244140625,538.0,521.0,522.4000244140625,3411822,0.0,0.0
2020-05-12,523.0,534.4000244140625,521.0,522.0,2086261,0.0,0.0
2020-05-13,519.4000244140625,523.7999877929688,508.3999938964844,517.0,4954785,0.0,0.0
2020-05-14,512.4000244140625,518.7999877929688,489.1619873046875,495.20001220703125,2694110,0.0,0.0
2020-05-15,502.79998779296875,505.79998779296875,495.3999938964844,502.0,3304366,0.0,0.0
2020-05-18,507.0,508.0,498.70001220703125,506.6000061035156,4408524,0.0,0.0
2020-05-19,518.5999755859375,519.4000244140625,498.79998779296875,503.20001220703125,2528473,0.0,0.0
2020-05-20,501.20001220703125,530.5999755859375,499.20001220703125,523.2000122070312,4926374,0.0,0.0
2020-05-21,521.2000122070312,527.4000244140625,510.0,520.7999877929688,4792089,0.0,0.0
2020-05-22,513.7999877929688,532.2000122070312,511.20001220703125,531.0,1781369,0.0,0.0
2020-05-26,543.7999877929688,571.4000244140625,538.5999755859375,562.2000122070312,5164515,0.0,0.0
2020-05-27,567.2000122070312,572.5999755859375,557.2000122070312,562.4000244140625,13403093,0.0,0.0
2020-05-28,567.7999877929688,582.5999755859375,564.0,580.7999877929688,2806792,0.0,0.0
2020-05-29,580.0,592.9719848632812,577.1279907226562,586.4000244140625,4560906,0.0,0.0
2020-06-01,594.7999877929688,608.7999877929688,586.7999877929688,590.0,2970719,0.0,0.0
2020-06-02,594.4000244140625,601.2000122070312,576.5999755859375,588.5999755859375,1759054,0.0,0.0
2020-06-03,599.7999877929688,614.0,590.2000122070312,612.4000244140625,3844049,0.0,0.0
2020-06-04,609.5999755859375,616.75,594.0,594.0,2916484,0.0,0.0
2020-06-05,597.5999755859375,604.0,591.2000122070312,597.0,2938730,0.0,0.0
2020-06-08,594.7999877929688,598.5999755859375,581.0,585.7999877929688,2841915,0.0,0.0
2020-06-09,593.2000122070312,595.0,572.4000244140625,577.7999877929688,2014761,0.0,0.0
2020-06-10,576.0,585.7999877929688,573.7999877929688,580.7999877929688,1402937,0.0,0.0
2020-06-11,573.0,576.0,560.85302734375,568.4000244140625,4639639,0.0,0.0
2020-06-12,557.2000122070312,570.5999755859375,546.5999755859375,560.5999755859375,2751621,0.0,0.0
2020-06-15,548.4000244140625,570.2000122070312,548.7999877929688,565.5999755859375,2014552,0.0,0.0
2020-06-16,575.2000122070312,583.5999755859375,572.4000244140625,575.0,7532083,0.0,0.0
2020-06-17,577.2000122070312,590.7999877929688,575.4000244140625,583.7999877929688,1904966,0.0,0.0
2020-06-18,581.0,585.2000122070312,573.8209838867188,576.4000244140625,1510243,0.0,0.0
2020-06-19,576.4000244140625,589.2000122070312,574.2000122070312,580.5999755859375,5657725,0.0,0.0
2020-06-22,577.5999755859375,591.219970703125,577.5999755859375,589.0,7936766,0.0,0.0
2020-06-23,574.0,590.2000122070312,555.5999755859375,564.5999755859375,6422354,0.0,0.0
2020-06-24,559.2000122070312,564.7999877929688,553.2000122070312,553.2000122070312,3203115,0.0,0.0
2020-06-25,542.4000244140625,546.2000122070312,523.0800170898438,530.0,3193249,0.0,0.0
2020-06-26,532.4000244140625,551.2000122070312,531.8209838867188,540.5999755859375,2828025,0.0,0.0
2020-06-29,536.4000244140625,551.0,536.4000244140625,545.0,2133930,0.0,0.0
2020-06-30,545.0,554.0,542.7999877929688,546.0,3811025,0.0,0.0
2020-07-01,547.7999877929688,551.0,532.7999877929688,547.0,2085711,0.0,0.0
2020-07-02,554.4000244140625,557.0,543.7999877929688,555.5999755859375,2085677,0.0,0.0
2020-07-03,563.2000122070312,565.7999877929688,550.7999877929688,552.5999755859375,1263304,0.0,0.0
2020-07-06,566.7999877929688,571.958984375,561.7999877929688,571.0,1845635,0.0,0.0
2020-07-07,565.0,569.2000122070312,557.9849853515625,563.0,2748539,0.0,0.0
2020-07-08,559.5999755859375,568.4569702148438,550.0,550.5999755859375,1803543,0.0,0.0
2020-07-09,555.5999755859375,563.5999755859375,541.7999877929688,544.0,1218865,0.0,0.0
2020-07-10,541.7999877929688,558.5999755859375,541.7999877929688,551.5999755859375,3184575,0.0,0.0
2020-07-13,560.0,565.7999877929688,549.5999755859375,564.2000122070312,2220203,0.0,0.0
2020-07-14,557.0,559.7999877929688,546.0,554.0,1678381,0.0,0.0
2020-07-15,560.0,584.1900024414062,557.2000122070312,581.2000122070312,2679530,0.0,0.0
2020-07-16,578.0,586.4000244140625,573.5999755859375,575.0,1632770,0.0,0.0
2020-07-17,579.5999755859375,582.4000244140625,569.7999877929688,574.2000122070312,1815773,0.0,0.0
2020-07-20,571.7999877929688,586.4000244140625,569.7999877929688,586.4000244140625,1371332,0.0,0.0
2020-07-21,591.0,594.2000122070312,584.5999755859375,588.2000122070312,2812131,0.0,0.0
2020-07-22,586.0,597.5999755859375,584.2880249023438,588.7999877929688,1202926,0.0,0.0
2020-07-23,593.0,594.4000244140625,585.2000122070312,587.0,1235286,0.0,0.0
2020-07-24,577.4000244140625,581.2000122070312,566.5999755859375,572.0,1015925,0.0,0.0
2020-07-27,573.5999755859375,578.4000244140625,569.4000244140625,570.7999877929688,1465280,0.0,0.0
2020-07-28,574.0,580.7999877929688,565.5999755859375,570.5999755859375,1755631,0.0,0.0
2020-07-29,567.7999877929688,571.5999755859375,562.2000122070312,566.5999755859375,2295713,0.0,0.0
2020-07-30,567.0,571.2000122070312,547.489990234375,553.0,1617708,0.0,0.0
2020-07-31,558.4000244140625,561.2000122070312,548.4000244140625,553.2000122070312,2787808,0.0,0.0
2020-08-03,555.0,565.4000244140625,553.4000244140625,560.7999877929688,1877039,0.0,0.0
2020-08-04,562.4000244140625,573.7999877929688,556.4000244140625,568.7999877929688,2794876,0.0,0.0
2020-08-05,573.4000244140625,575.2000122070312,566.0,574.5999755859375,2094352,0.0,0.0
2020-08-06,575.2000122070312,581.5999755859375,570.7999877929688,577.7999877929688,3213197,0.0,0.0
2020-08-07,577.0,642.7999877929688,570.2050170898438,630.5999755859375,3395652,0.0,0.0
2020-08-10,636.0,638.4000244140625,621.4000244140625,621.4000244140625,3264285,0.0,0.0
2020-08-11,629.0,637.2000122070312,616.7999877929688,616.7999877929688,1947356,0.0,0.0
2020-08-12,614.0,629.5999755859375,611.5999755859375,629.5999755859375,4306229,0.0,0.0
2020-08-13,630.0,633.4000244140625,624.4000244140625,629.4000244140625,1490315,0.0,0.0
2020-08-14,629.5999755859375,631.9520263671875,614.0,621.4000244140625,1219295,0.0,0.0
2020-08-17,615.5999755859375,634.0,615.5999755859375,631.4000244140625,3519045,0.0,0.0
2020-08-18,621.5999755859375,621.5999755859375,602.2000122070312,614.4000244140625,2216101,0.0,0.0
2020-08-19,613.2000122070312,616.1929931640625,609.2000122070312,612.4000244140625,1212059,0.0,0.0
2020-08-20,609.4000244140625,619.0,608.0,617.5999755859375,1443456,0.0,0.0
2020-08-21,617.5999755859375,622.7999877929688,610.7999877929688,619.7999877929688,1723572,0.0,0.0
2020-08-24,622.2000122070312,628.0,610.7999877929688,620.4000244140625,1359736,0.0,0.0
2020-08-25,623.7999877929688,633.02001953125,620.5999755859375,623.5999755859375,2560468,0.0,0.0
2020-08-26,626.0,636.4000244140625,623.5999755859375,634.0,1215400,0.0,0.0
2020-08-27,636.0,640.2000122070312,632.4000244140625,632.7999877929688,1475709,0.0,0.0
2020-08-28,633.0,638.2940063476562,630.7999877929688,633.7999877929688,1782897,0.0,0.0
2020-09-01,635.0,643.0,630.7999877929688,638.0,2102367,0.0,0.0
2020-09-02,643.2000122070312,658.9739990234375,641.2000122070312,652.4000244140625,2089878,0.0,0.0
2020-09-03,655.0,660.0349731445312,631.0,631.0,2263942,0.0,0.0
2020-09-04,626.0,637.4000244140625,604.0,607.0,2346333,0.0,0.0
2020-09-07,612.7999877929688,627.5599975585938,610.1400146484375,625.0,828884,0.0,0.0
2020-09-08,624.4000244140625,631.5999755859375,604.4769897460938,622.0,2856408,0.0,0.0
2020-09-09,619.4000244140625,622.4000244140625,610.4000244140625,619.0,1291972,0.0,0.0
2020-09-10,618.5999755859375,622.2160034179688,609.4000244140625,618.2000122070312,1155151,0.0,0.0
2020-09-11,617.5999755859375,624.5999755859375,615.2000122070312,620.5999755859375,1783442,0.0,0.0
2020-09-14,626.0,627.4000244140625,610.0,621.4000244140625,4206074,0.0,0.0
2020-09-15,619.0,628.4000244140625,618.0,627.7999877929688,1949677,0.0,0.0
2020-09-16,628.2000122070312,635.4000244140625,622.5999755859375,625.0,2182934,0.0,0.0
2020-09-17,618.0,633.7999877929688,617.0,630.0,1608540,0.0,0.0
2020-09-18,629.2000122070312,634.2000122070312,625.0,627.7999877929688,4186715,0.0,0.0
2020-09-21,620.2000122070312,627.3309936523438,581.4000244140625,591.4000244140625,2090749,0.0,0.0
2020-09-22,599.0,600.5999755859375,591.5999755859375,596.2000122070312,1843440,0.0,0.0
2020-09-23,606.5999755859375,616.1519775390625,602.4000244140625,609.5999755859375,1650709,0.0,0.0
2020-09-24,599.7999877929688,617.2000122070312,598.7999877929688,613.5999755859375,2054307,0.0,0.0
2020-09-25,617.5999755859375,623.7999877929688,612.2000122070312,621.7999877929688,1335230,0.0,0.0
2020-09-28,627.0,633.2000122070312,618.5999755859375,619.4000244140625,1994301,0.0,0.0
2020-09-29,615.7999877929688,625.2000122070312,613.2000122070312,620.7999877929688,2217469,0.0,0.0
2020-09-30,620.2000122070312,630.4000244140625,614.4000244140625,626.7999877929688,2555057,0.0,0.0
2020-10-01,629.0,641.9600219726562,627.0,638.7999877929688,1932587,0.0,0.0
2020-10-02,633.0,655.0,628.9110107421875,655.0,2198045,0.0,0.0
2020-10-05,662.0,679.4000244140625,660.4000244140625,675.0,2520197,0.0,0.0
2020-10-06,674.7999877929688,677.0,661.5999755859375,668.4000244140625,2286645,0.0,0.0
2020-10-07,666.5999755859375,674.0,652.0,653.5999755859375,6012023,0.0,0.0
2020-10-08,655.0,658.0,648.5070190429688,651.7999877929688,2150640,0.0,0.0
2020-10-09,654.4000244140625,670.5999755859375,650.166015625,669.0,2838791,0.0,0.0
2020-10-12,671.0,671.2000122070312,665.0800170898438,667.0,1414855,0.0,0.0
2020-10-13,663.5999755859375,666.0,657.5999755859375,665.0,1336712,0.0,0.0
2020-10-14,662.0,668.3900146484375,660.4000244140625,663.4000244140625,1489321,0.0,0.0
2020-10-15,656.4000244140625,658.7999877929688,648.7999877929688,657.0,1520376,0.0,0.0
2020-10-16,655.7999877929688,669.4000244140625,655.7999877929688,665.2000122070312,2988224,0.0,0.0
2020-10-19,667.2000122070312,678.2000122070312,664.4000244140625,676.4000244140625,3505882,0.0,0.0
2020-10-20,672.2000122070312,688.7999877929688,672.2000122070312,683.2000122070312,1692112,0.0,0.0
2020-10-21,688.0,690.0,678.8040161132812,682.4000244140625,1818372,0.0,0.0
2020-10-22,680.5999755859375,684.89501953125,668.0,670.0,1723426,0.0,0.0
2020-10-23,666.0,678.5999755859375,666.0,672.0,1324512,0.0,0.0
2020-10-26,659.5999755859375,678.5999755859375,648.4000244140625,650.7999877929688,1709810,0.0,0.0
2020-10-27,645.0,653.0,643.4000244140625,647.0,3742533,0.0,0.0
2020-10-28,641.5999755859375,645.7999877929688,620.0,624.4000244140625,1973424,0.0,0.0
2020-10-29,627.4000244140625,638.5999755859375,625.4000244140625,626.0,1956934,0.0,0.0
2020-10-30,618.0,625.0,615.2529907226562,618.0,1706492,0.0,0.0
2020-11-02,615.7999877929688,615.7999877929688,607.0,609.2000122070312,2234037,0.0,0.0
2020-11-03,609.4000244140625,624.5999755859375,607.7999877929688,624.5999755859375,1715430,0.0,0.0
2020-11-04,619.4000244140625,652.4000244140625,619.4000244140625,652.4000244140625,2644596,0.0,0.0
2020-11-05,656.7999877929688,668.4000244140625,650.5999755859375,666.2000122070312,2025457,0.0,0.0
2020-11-06,660.2000122070312,675.7999877929688,653.4000244140625,656.0,2050857,0.0,0.0
2020-11-09,660.5999755859375,683.7999877929688,659.0,667.4000244140625,3612367,0.0,0.0
2020-11-10,669.2000122070312,673.5999755859375,651.2000122070312,652.2000122070312,3043964,0.0,0.0
2020-11-11,652.5999755859375,661.4000244140625,646.0,661.0,2133894,0.0,0.0
2020-11-12,661.2000122070312,663.7999877929688,649.0,649.2000122070312,1410979,0.0,0.0
2020-11-13,649.7999877929688,657.5999755859375,641.2000122070312,641.2000122070312,1318517,0.0,0.0
2020-11-16,643.0,645.0,623.7999877929688,623.7999877929688,3044676,0.0,0.0
2020-11-17,622.0,631.5999755859375,621.4000244140625,628.5999755859375,3460515,0.0,0.0
2020-11-18,627.4000244140625,641.5999755859375,626.7999877929688,638.2000122070312,2772664,0.0,0.0
2020-11-19,641.2000122070312,649.0,637.4000244140625,641.4000244140625,6880023,0.0,0.0
2020-11-20,638.0,651.0,635.1699829101562,639.7999877929688,4566467,0.0,0.0
2020-11-23,640.4000244140625,644.2000122070312,624.2000122070312,624.2000122070312,1102640,0.0,0.0
2020-11-24,625.0,631.4000244140625,606.0,606.0,1442762,0.0,0.0
2020-11-25,607.0,609.5999755859375,596.7999877929688,599.4000244140625,2568903,0.0,0.0
2020-11-26,604.0,609.4000244140625,600.2000122070312,606.4000244140625,1593280,0.0,0.0
2020-11-27,609.4000244140625,624.0,599.2000122070312,624.0,4733123,0.0,0.0
2020-11-30,623.7999877929688,642.0,623.5999755859375,625.0,3042305,0.0,0.0
2020-12-01,630.0,650.0,628.7999877929688,645.4000244140625,2080068,0.0,0.0
2020-12-02,648.2000122070312,651.0,623.2000122070312,628.0,3337189,0.0,0.0
2020-12-03,626.5999755859375,636.4000244140625,626.5999755859375,632.0,1547062,0.0,0.0
2020-12-04,630.4000244140625,635.2000122070312,623.0,625.0,2600798,0.0,0.0
2020-12-07,625.7999877929688,627.4000244140625,610.2000122070312,621.2000122070312,2125949,0.0,0.0
2020-12-08,620.0,627.0,617.0,626.7999877929688,2390674,0.0,0.0
2020-12-09,625.5999755859375,643.0,624.4000244140625,639.2000122070312,1610463,0.0,0.0
2020-12-10,641.4000244140625,646.3040161132812,636.4000244140625,639.5999755859375,1682806,0.0,0.0
2020-12-11,641.7999877929688,644.7999877929688,634.7999877929688,644.0,2032075,0.0,0.0
2020-12-14,648.0,658.22998046875,644.0,653.0,4284165,0.0,0.0
2020-12-15,649.5999755859375,650.7999877929688,623.7999877929688,630.7999877929688,2639024,0.0,0.0
2020-12-16,634.0,653.4000244140625,631.4000244140625,651.4000244140625,5714452,0.0,0.0
2020-12-17,656.5999755859375,667.2000122070312,653.7999877929688,660.7999877929688,2651440,0.0,0.0
2020-12-18,660.5999755859375,665.0,656.4000244140625,662.5999755859375,5062790,0.0,0.0
2020-12-21,653.4000244140625,665.0,642.2000122070312,651.5999755859375,1385734,0.0,0.0
2020-12-22,646.5999755859375,655.5999755859375,645.5850219726562,655.5999755859375,1925960,0.0,0.0
2020-12-23,654.5999755859375,662.5999755859375,648.0,657.4000244140625,1248696,0.0,0.0
2020-12-24,655.4000244140625,657.3200073242188,643.0,643.0,635438,0.0,0.0
2020-12-29,646.2000122070312,673.0,646.2000122070312,664.2000122070312,1780895,0.0,0.0
2020-12-30,660.4000244140625,668.9730224609375,651.5999755859375,654.7999877929688,1098110,0.0,0.0
2020-12-31,640.4000244140625,654.7000122070312,639.5999755859375,650.7999877929688,837413,0.0,0.0
